---------------------------------------------------------------------------30th Anniversary Weapons---------------------------------------------------------------------------

// Retraced Path
//notes: (PvE): Masterwork: Reload
dimwishlist:item=548958835&perks=1840239774,732557052,1820235745,2610012052
dimwishlist:item=548958835&perks=1840239774,732557052,1820235745,3523296417
dimwishlist:item=548958835&perks=1840239774,732557052,1820235745,4049631843
dimwishlist:item=548958835&perks=1840239774,732557052,2779035018,2610012052
dimwishlist:item=548958835&perks=1840239774,732557052,2779035018,3523296417
dimwishlist:item=548958835&perks=1840239774,732557052,2779035018,4049631843
dimwishlist:item=548958835&perks=1840239774,2749775325,1820235745,2610012052
dimwishlist:item=548958835&perks=1840239774,2749775325,1820235745,3523296417
dimwishlist:item=548958835&perks=1840239774,2749775325,1820235745,4049631843
dimwishlist:item=548958835&perks=1840239774,2749775325,2779035018,2610012052
dimwishlist:item=548958835&perks=1840239774,2749775325,2779035018,3523296417
dimwishlist:item=548958835&perks=1840239774,2749775325,2779035018,4049631843
dimwishlist:item=548958835&perks=1482024992,732557052,1820235745,2610012052
dimwishlist:item=548958835&perks=1482024992,732557052,1820235745,3523296417
dimwishlist:item=548958835&perks=1482024992,732557052,1820235745,4049631843
dimwishlist:item=548958835&perks=1482024992,732557052,2779035018,2610012052
dimwishlist:item=548958835&perks=1482024992,732557052,2779035018,3523296417
dimwishlist:item=548958835&perks=1482024992,732557052,2779035018,4049631843
dimwishlist:item=548958835&perks=1482024992,2749775325,1820235745,2610012052
dimwishlist:item=548958835&perks=1482024992,2749775325,1820235745,3523296417
dimwishlist:item=548958835&perks=1482024992,2749775325,1820235745,4049631843
dimwishlist:item=548958835&perks=1482024992,2749775325,2779035018,2610012052
dimwishlist:item=548958835&perks=1482024992,2749775325,2779035018,3523296417
dimwishlist:item=548958835&perks=1482024992,2749775325,2779035018,4049631843
dimwishlist:item=548958835&perks=4090651448,732557052,1820235745,2610012052
dimwishlist:item=548958835&perks=4090651448,732557052,1820235745,3523296417
dimwishlist:item=548958835&perks=4090651448,732557052,1820235745,4049631843
dimwishlist:item=548958835&perks=4090651448,732557052,2779035018,2610012052
dimwishlist:item=548958835&perks=4090651448,732557052,2779035018,3523296417
dimwishlist:item=548958835&perks=4090651448,732557052,2779035018,4049631843
dimwishlist:item=548958835&perks=4090651448,2749775325,1820235745,2610012052
dimwishlist:item=548958835&perks=4090651448,2749775325,1820235745,3523296417
dimwishlist:item=548958835&perks=4090651448,2749775325,1820235745,4049631843
dimwishlist:item=548958835&perks=4090651448,2749775325,2779035018,2610012052
dimwishlist:item=548958835&perks=4090651448,2749775325,2779035018,3523296417
dimwishlist:item=548958835&perks=4090651448,2749775325,2779035018,4049631843
//notes: (PvP): Masterwork: Stability or Range
dimwishlist:item=548958835&perks=1482024992,2969185026,1428297954,3523296417
dimwishlist:item=548958835&perks=1482024992,2969185026,1428297954,1683379515
dimwishlist:item=548958835&perks=1482024992,2969185026,1428297954,438098033
dimwishlist:item=548958835&perks=1482024992,2969185026,2450788523,3523296417
dimwishlist:item=548958835&perks=1482024992,2969185026,2450788523,1683379515
dimwishlist:item=548958835&perks=1482024992,2969185026,2450788523,438098033
dimwishlist:item=548958835&perks=1482024992,3868766766,1428297954,3523296417
dimwishlist:item=548958835&perks=1482024992,3868766766,1428297954,1683379515
dimwishlist:item=548958835&perks=1482024992,3868766766,1428297954,438098033
dimwishlist:item=548958835&perks=1482024992,3868766766,2450788523,3523296417
dimwishlist:item=548958835&perks=1482024992,3868766766,2450788523,1683379515
dimwishlist:item=548958835&perks=1482024992,3868766766,2450788523,438098033
dimwishlist:item=548958835&perks=1482024992,732557052,1428297954,3523296417
dimwishlist:item=548958835&perks=1482024992,732557052,1428297954,1683379515
dimwishlist:item=548958835&perks=1482024992,732557052,1428297954,438098033
dimwishlist:item=548958835&perks=1482024992,732557052,2450788523,3523296417
dimwishlist:item=548958835&perks=1482024992,732557052,2450788523,1683379515
dimwishlist:item=548958835&perks=1482024992,732557052,2450788523,438098033
dimwishlist:item=548958835&perks=1840239774,2969185026,1428297954,3523296417
dimwishlist:item=548958835&perks=1840239774,2969185026,1428297954,1683379515
dimwishlist:item=548958835&perks=1840239774,2969185026,1428297954,438098033
dimwishlist:item=548958835&perks=1840239774,2969185026,2450788523,3523296417
dimwishlist:item=548958835&perks=1840239774,2969185026,2450788523,1683379515
dimwishlist:item=548958835&perks=1840239774,2969185026,2450788523,438098033
dimwishlist:item=548958835&perks=1840239774,3868766766,1428297954,3523296417
dimwishlist:item=548958835&perks=1840239774,3868766766,1428297954,1683379515
dimwishlist:item=548958835&perks=1840239774,3868766766,1428297954,438098033
dimwishlist:item=548958835&perks=1840239774,3868766766,2450788523,3523296417
dimwishlist:item=548958835&perks=1840239774,3868766766,2450788523,1683379515
dimwishlist:item=548958835&perks=1840239774,3868766766,2450788523,438098033
dimwishlist:item=548958835&perks=1840239774,732557052,1428297954,3523296417
dimwishlist:item=548958835&perks=1840239774,732557052,1428297954,1683379515
dimwishlist:item=548958835&perks=1840239774,732557052,1428297954,438098033
dimwishlist:item=548958835&perks=1840239774,732557052,2450788523,3523296417
dimwishlist:item=548958835&perks=1840239774,732557052,2450788523,1683379515
dimwishlist:item=548958835&perks=1840239774,732557052,2450788523,438098033
dimwishlist:item=548958835&perks=3250034553,2969185026,1428297954,3523296417
dimwishlist:item=548958835&perks=3250034553,2969185026,1428297954,1683379515
dimwishlist:item=548958835&perks=3250034553,2969185026,1428297954,438098033
dimwishlist:item=548958835&perks=3250034553,2969185026,2450788523,3523296417
dimwishlist:item=548958835&perks=3250034553,2969185026,2450788523,1683379515
dimwishlist:item=548958835&perks=3250034553,2969185026,2450788523,438098033
dimwishlist:item=548958835&perks=3250034553,3868766766,1428297954,3523296417
dimwishlist:item=548958835&perks=3250034553,3868766766,1428297954,1683379515
dimwishlist:item=548958835&perks=3250034553,3868766766,1428297954,438098033
dimwishlist:item=548958835&perks=3250034553,3868766766,2450788523,3523296417
dimwishlist:item=548958835&perks=3250034553,3868766766,2450788523,1683379515
dimwishlist:item=548958835&perks=3250034553,3868766766,2450788523,438098033
dimwishlist:item=548958835&perks=3250034553,732557052,1428297954,3523296417
dimwishlist:item=548958835&perks=3250034553,732557052,1428297954,1683379515
dimwishlist:item=548958835&perks=3250034553,732557052,1428297954,438098033
dimwishlist:item=548958835&perks=3250034553,732557052,2450788523,3523296417
dimwishlist:item=548958835&perks=3250034553,732557052,2450788523,1683379515
dimwishlist:item=548958835&perks=3250034553,732557052,2450788523,438098033
//notes: Junk
dimwishlist:item=-548958835
