//Midnight Coup (Season 23)
//notes: (CRUCIBLE) 
dimwishlist:item=2499720827&perks=839105230,3142289711,588594999,2387244414 
dimwishlist:item=2499720827&perks=839105230,3142289711,588594999,47981717 
dimwishlist:item=2499720827&perks=839105230,3142289711,588594999,2109543898 
dimwishlist:item=2499720827&perks=839105230,3142289711,588594999,3425386926 
dimwishlist:item=2499720827&perks=839105230,3142289711,3038247973,2387244414 
dimwishlist:item=2499720827&perks=839105230,3142289711,3038247973,47981717 
dimwishlist:item=2499720827&perks=839105230,3142289711,3038247973,2109543898 
dimwishlist:item=2499720827&perks=839105230,3142289711,3038247973,3425386926 
dimwishlist:item=2499720827&perks=839105230,3230963543,588594999,2387244414 
dimwishlist:item=2499720827&perks=839105230,3230963543,588594999,47981717 
dimwishlist:item=2499720827&perks=839105230,3230963543,588594999,2109543898 
dimwishlist:item=2499720827&perks=839105230,3230963543,588594999,3425386926 
dimwishlist:item=2499720827&perks=839105230,3230963543,3038247973,2387244414 
dimwishlist:item=2499720827&perks=839105230,3230963543,3038247973,47981717 
dimwishlist:item=2499720827&perks=839105230,3230963543,3038247973,2109543898 
dimwishlist:item=2499720827&perks=839105230,3230963543,3038247973,3425386926 
dimwishlist:item=2499720827&perks=3250034553,3142289711,588594999,2387244414 
dimwishlist:item=2499720827&perks=3250034553,3142289711,588594999,47981717 
dimwishlist:item=2499720827&perks=3250034553,3142289711,588594999,2109543898 
dimwishlist:item=2499720827&perks=3250034553,3142289711,588594999,3425386926 
dimwishlist:item=2499720827&perks=3250034553,3142289711,3038247973,2387244414 
dimwishlist:item=2499720827&perks=3250034553,3142289711,3038247973,47981717 
dimwishlist:item=2499720827&perks=3250034553,3142289711,3038247973,2109543898 
dimwishlist:item=2499720827&perks=3250034553,3142289711,3038247973,3425386926 
dimwishlist:item=2499720827&perks=3250034553,3230963543,588594999,2387244414 
dimwishlist:item=2499720827&perks=3250034553,3230963543,588594999,47981717 
dimwishlist:item=2499720827&perks=3250034553,3230963543,588594999,2109543898 
dimwishlist:item=2499720827&perks=3250034553,3230963543,588594999,3425386926 
dimwishlist:item=2499720827&perks=3250034553,3230963543,3038247973,2387244414 
dimwishlist:item=2499720827&perks=3250034553,3230963543,3038247973,47981717 
dimwishlist:item=2499720827&perks=3250034553,3230963543,3038247973,2109543898 
dimwishlist:item=2499720827&perks=3250034553,3230963543,3038247973,3425386926 
dimwishlist:item=2499720827&perks=1482024992,3142289711,588594999,2387244414 
dimwishlist:item=2499720827&perks=1482024992,3142289711,588594999,47981717 
dimwishlist:item=2499720827&perks=1482024992,3142289711,588594999,2109543898 
dimwishlist:item=2499720827&perks=1482024992,3142289711,588594999,3425386926 
dimwishlist:item=2499720827&perks=1482024992,3142289711,3038247973,2387244414 
dimwishlist:item=2499720827&perks=1482024992,3142289711,3038247973,47981717 
dimwishlist:item=2499720827&perks=1482024992,3142289711,3038247973,2109543898 
dimwishlist:item=2499720827&perks=1482024992,3142289711,3038247973,3425386926 
dimwishlist:item=2499720827&perks=1482024992,3230963543,588594999,2387244414 
dimwishlist:item=2499720827&perks=1482024992,3230963543,588594999,47981717 
dimwishlist:item=2499720827&perks=1482024992,3230963543,588594999,2109543898 
dimwishlist:item=2499720827&perks=1482024992,3230963543,588594999,3425386926 
dimwishlist:item=2499720827&perks=1482024992,3230963543,3038247973,2387244414 
dimwishlist:item=2499720827&perks=1482024992,3230963543,3038247973,47981717 
dimwishlist:item=2499720827&perks=1482024992,3230963543,3038247973,2109543898 
dimwishlist:item=2499720827&perks=1482024992,3230963543,3038247973,3425386926 
dimwishlist:item=2499720827&perks=4090651448,3142289711,588594999,2387244414 
dimwishlist:item=2499720827&perks=4090651448,3142289711,588594999,47981717 
dimwishlist:item=2499720827&perks=4090651448,3142289711,588594999,2109543898 
dimwishlist:item=2499720827&perks=4090651448,3142289711,588594999,3425386926 
dimwishlist:item=2499720827&perks=4090651448,3142289711,3038247973,2387244414 
dimwishlist:item=2499720827&perks=4090651448,3142289711,3038247973,47981717 
dimwishlist:item=2499720827&perks=4090651448,3142289711,3038247973,2109543898 
dimwishlist:item=2499720827&perks=4090651448,3142289711,3038247973,3425386926 
dimwishlist:item=2499720827&perks=4090651448,3230963543,588594999,2387244414 
dimwishlist:item=2499720827&perks=4090651448,3230963543,588594999,47981717 
dimwishlist:item=2499720827&perks=4090651448,3230963543,588594999,2109543898 
dimwishlist:item=2499720827&perks=4090651448,3230963543,588594999,3425386926 
dimwishlist:item=2499720827&perks=4090651448,3230963543,3038247973,2387244414 
dimwishlist:item=2499720827&perks=4090651448,3230963543,3038247973,47981717 
dimwishlist:item=2499720827&perks=4090651448,3230963543,3038247973,2109543898 
dimwishlist:item=2499720827&perks=4090651448,3230963543,3038247973,3425386926 
dimwishlist:item=2763843898&perks=839105230,3142289711,588594999,2387244414 
dimwishlist:item=2763843898&perks=839105230,3142289711,588594999,47981717 
dimwishlist:item=2763843898&perks=839105230,3142289711,588594999,2109543898 
dimwishlist:item=2763843898&perks=839105230,3142289711,588594999,3425386926 
dimwishlist:item=2763843898&perks=839105230,3142289711,3038247973,2387244414 
dimwishlist:item=2763843898&perks=839105230,3142289711,3038247973,47981717 
dimwishlist:item=2763843898&perks=839105230,3142289711,3038247973,2109543898 
dimwishlist:item=2763843898&perks=839105230,3142289711,3038247973,3425386926 
dimwishlist:item=2763843898&perks=839105230,3230963543,588594999,2387244414 
dimwishlist:item=2763843898&perks=839105230,3230963543,588594999,47981717 
dimwishlist:item=2763843898&perks=839105230,3230963543,588594999,2109543898 
dimwishlist:item=2763843898&perks=839105230,3230963543,588594999,3425386926 
dimwishlist:item=2763843898&perks=839105230,3230963543,3038247973,2387244414 
dimwishlist:item=2763843898&perks=839105230,3230963543,3038247973,47981717 
dimwishlist:item=2763843898&perks=839105230,3230963543,3038247973,2109543898 
dimwishlist:item=2763843898&perks=839105230,3230963543,3038247973,3425386926 
dimwishlist:item=2763843898&perks=3250034553,3142289711,588594999,2387244414 
dimwishlist:item=2763843898&perks=3250034553,3142289711,588594999,47981717 
dimwishlist:item=2763843898&perks=3250034553,3142289711,588594999,2109543898 
dimwishlist:item=2763843898&perks=3250034553,3142289711,588594999,3425386926 
dimwishlist:item=2763843898&perks=3250034553,3142289711,3038247973,2387244414 
dimwishlist:item=2763843898&perks=3250034553,3142289711,3038247973,47981717 
dimwishlist:item=2763843898&perks=3250034553,3142289711,3038247973,2109543898 
dimwishlist:item=2763843898&perks=3250034553,3142289711,3038247973,3425386926 
dimwishlist:item=2763843898&perks=3250034553,3230963543,588594999,2387244414 
dimwishlist:item=2763843898&perks=3250034553,3230963543,588594999,47981717 
dimwishlist:item=2763843898&perks=3250034553,3230963543,588594999,2109543898 
dimwishlist:item=2763843898&perks=3250034553,3230963543,588594999,3425386926 
dimwishlist:item=2763843898&perks=3250034553,3230963543,3038247973,2387244414 
dimwishlist:item=2763843898&perks=3250034553,3230963543,3038247973,47981717 
dimwishlist:item=2763843898&perks=3250034553,3230963543,3038247973,2109543898 
dimwishlist:item=2763843898&perks=3250034553,3230963543,3038247973,3425386926 
dimwishlist:item=2763843898&perks=1482024992,3142289711,588594999,2387244414 
dimwishlist:item=2763843898&perks=1482024992,3142289711,588594999,47981717 
dimwishlist:item=2763843898&perks=1482024992,3142289711,588594999,2109543898 
dimwishlist:item=2763843898&perks=1482024992,3142289711,588594999,3425386926 
dimwishlist:item=2763843898&perks=1482024992,3142289711,3038247973,2387244414 
dimwishlist:item=2763843898&perks=1482024992,3142289711,3038247973,47981717 
dimwishlist:item=2763843898&perks=1482024992,3142289711,3038247973,2109543898 
dimwishlist:item=2763843898&perks=1482024992,3142289711,3038247973,3425386926 
dimwishlist:item=2763843898&perks=1482024992,3230963543,588594999,2387244414 
dimwishlist:item=2763843898&perks=1482024992,3230963543,588594999,47981717 
dimwishlist:item=2763843898&perks=1482024992,3230963543,588594999,2109543898 
dimwishlist:item=2763843898&perks=1482024992,3230963543,588594999,3425386926 
dimwishlist:item=2763843898&perks=1482024992,3230963543,3038247973,2387244414 
dimwishlist:item=2763843898&perks=1482024992,3230963543,3038247973,47981717 
dimwishlist:item=2763843898&perks=1482024992,3230963543,3038247973,2109543898 
dimwishlist:item=2763843898&perks=1482024992,3230963543,3038247973,3425386926 
dimwishlist:item=2763843898&perks=4090651448,3142289711,588594999,2387244414 
dimwishlist:item=2763843898&perks=4090651448,3142289711,588594999,47981717 
dimwishlist:item=2763843898&perks=4090651448,3142289711,588594999,2109543898 
dimwishlist:item=2763843898&perks=4090651448,3142289711,588594999,3425386926 
dimwishlist:item=2763843898&perks=4090651448,3142289711,3038247973,2387244414 
dimwishlist:item=2763843898&perks=4090651448,3142289711,3038247973,47981717 
dimwishlist:item=2763843898&perks=4090651448,3142289711,3038247973,2109543898 
dimwishlist:item=2763843898&perks=4090651448,3142289711,3038247973,3425386926 
dimwishlist:item=2763843898&perks=4090651448,3230963543,588594999,2387244414 
dimwishlist:item=2763843898&perks=4090651448,3230963543,588594999,47981717 
dimwishlist:item=2763843898&perks=4090651448,3230963543,588594999,2109543898 
dimwishlist:item=2763843898&perks=4090651448,3230963543,588594999,3425386926 
dimwishlist:item=2763843898&perks=4090651448,3230963543,3038247973,2387244414 
dimwishlist:item=2763843898&perks=4090651448,3230963543,3038247973,47981717 
dimwishlist:item=2763843898&perks=4090651448,3230963543,3038247973,2109543898 
dimwishlist:item=2763843898&perks=4090651448,3230963543,3038247973,3425386926 
//notes: (VANGUARD) If i added notes?
dimwishlist:item=2499720827&perks=1840239774,106909392,3824105627,4049631843 
dimwishlist:item=2499720827&perks=1840239774,106909392,3824105627,3891536761 
dimwishlist:item=2499720827&perks=1840239774,106909392,3038247973,4049631843 
dimwishlist:item=2499720827&perks=1840239774,106909392,3038247973,3891536761 
dimwishlist:item=2499720827&perks=1840239774,1087426260,3824105627,4049631843 
dimwishlist:item=2499720827&perks=1840239774,1087426260,3824105627,3891536761 
dimwishlist:item=2499720827&perks=1840239774,1087426260,3038247973,4049631843 
dimwishlist:item=2499720827&perks=1840239774,1087426260,3038247973,3891536761 
dimwishlist:item=2499720827&perks=1840239774,3230963543,3824105627,4049631843 
dimwishlist:item=2499720827&perks=1840239774,3230963543,3824105627,3891536761 
dimwishlist:item=2499720827&perks=1840239774,3230963543,3038247973,4049631843 
dimwishlist:item=2499720827&perks=1840239774,3230963543,3038247973,3891536761 
dimwishlist:item=2499720827&perks=839105230,106909392,3824105627,4049631843 
dimwishlist:item=2499720827&perks=839105230,106909392,3824105627,3891536761 
dimwishlist:item=2499720827&perks=839105230,106909392,3038247973,4049631843 
dimwishlist:item=2499720827&perks=839105230,106909392,3038247973,3891536761 
dimwishlist:item=2499720827&perks=839105230,1087426260,3824105627,4049631843 
dimwishlist:item=2499720827&perks=839105230,1087426260,3824105627,3891536761 
dimwishlist:item=2499720827&perks=839105230,1087426260,3038247973,4049631843 
dimwishlist:item=2499720827&perks=839105230,1087426260,3038247973,3891536761 
dimwishlist:item=2499720827&perks=839105230,3230963543,3824105627,4049631843 
dimwishlist:item=2499720827&perks=839105230,3230963543,3824105627,3891536761 
dimwishlist:item=2499720827&perks=839105230,3230963543,3038247973,4049631843 
dimwishlist:item=2499720827&perks=839105230,3230963543,3038247973,3891536761 
dimwishlist:item=2499720827&perks=1482024992,106909392,3824105627,4049631843 
dimwishlist:item=2499720827&perks=1482024992,106909392,3824105627,3891536761 
dimwishlist:item=2499720827&perks=1482024992,106909392,3038247973,4049631843 
dimwishlist:item=2499720827&perks=1482024992,106909392,3038247973,3891536761 
dimwishlist:item=2499720827&perks=1482024992,1087426260,3824105627,4049631843 
dimwishlist:item=2499720827&perks=1482024992,1087426260,3824105627,3891536761 
dimwishlist:item=2499720827&perks=1482024992,1087426260,3038247973,4049631843 
dimwishlist:item=2499720827&perks=1482024992,1087426260,3038247973,3891536761 
dimwishlist:item=2499720827&perks=1482024992,3230963543,3824105627,4049631843 
dimwishlist:item=2499720827&perks=1482024992,3230963543,3824105627,3891536761 
dimwishlist:item=2499720827&perks=1482024992,3230963543,3038247973,4049631843 
dimwishlist:item=2499720827&perks=1482024992,3230963543,3038247973,3891536761 
dimwishlist:item=2499720827&perks=4090651448,106909392,3824105627,4049631843 
dimwishlist:item=2499720827&perks=4090651448,106909392,3824105627,3891536761 
dimwishlist:item=2499720827&perks=4090651448,106909392,3038247973,4049631843 
dimwishlist:item=2499720827&perks=4090651448,106909392,3038247973,3891536761 
dimwishlist:item=2499720827&perks=4090651448,1087426260,3824105627,4049631843 
dimwishlist:item=2499720827&perks=4090651448,1087426260,3824105627,3891536761 
dimwishlist:item=2499720827&perks=4090651448,1087426260,3038247973,4049631843 
dimwishlist:item=2499720827&perks=4090651448,1087426260,3038247973,3891536761 
dimwishlist:item=2499720827&perks=4090651448,3230963543,3824105627,4049631843 
dimwishlist:item=2499720827&perks=4090651448,3230963543,3824105627,3891536761 
dimwishlist:item=2499720827&perks=4090651448,3230963543,3038247973,4049631843 
dimwishlist:item=2499720827&perks=4090651448,3230963543,3038247973,3891536761 
dimwishlist:item=2763843898&perks=1840239774,106909392,3824105627,4049631843 
dimwishlist:item=2763843898&perks=1840239774,106909392,3824105627,3891536761 
dimwishlist:item=2763843898&perks=1840239774,106909392,3038247973,4049631843 
dimwishlist:item=2763843898&perks=1840239774,106909392,3038247973,3891536761 
dimwishlist:item=2763843898&perks=1840239774,1087426260,3824105627,4049631843 
dimwishlist:item=2763843898&perks=1840239774,1087426260,3824105627,3891536761 
dimwishlist:item=2763843898&perks=1840239774,1087426260,3038247973,4049631843 
dimwishlist:item=2763843898&perks=1840239774,1087426260,3038247973,3891536761 
dimwishlist:item=2763843898&perks=1840239774,3230963543,3824105627,4049631843 
dimwishlist:item=2763843898&perks=1840239774,3230963543,3824105627,3891536761 
dimwishlist:item=2763843898&perks=1840239774,3230963543,3038247973,4049631843 
dimwishlist:item=2763843898&perks=1840239774,3230963543,3038247973,3891536761 
dimwishlist:item=2763843898&perks=839105230,106909392,3824105627,4049631843 
dimwishlist:item=2763843898&perks=839105230,106909392,3824105627,3891536761 
dimwishlist:item=2763843898&perks=839105230,106909392,3038247973,4049631843 
dimwishlist:item=2763843898&perks=839105230,106909392,3038247973,3891536761 
dimwishlist:item=2763843898&perks=839105230,1087426260,3824105627,4049631843 
dimwishlist:item=2763843898&perks=839105230,1087426260,3824105627,3891536761 
dimwishlist:item=2763843898&perks=839105230,1087426260,3038247973,4049631843 
dimwishlist:item=2763843898&perks=839105230,1087426260,3038247973,3891536761 
dimwishlist:item=2763843898&perks=839105230,3230963543,3824105627,4049631843 
dimwishlist:item=2763843898&perks=839105230,3230963543,3824105627,3891536761 
dimwishlist:item=2763843898&perks=839105230,3230963543,3038247973,4049631843 
dimwishlist:item=2763843898&perks=839105230,3230963543,3038247973,3891536761 
dimwishlist:item=2763843898&perks=1482024992,106909392,3824105627,4049631843 
dimwishlist:item=2763843898&perks=1482024992,106909392,3824105627,3891536761 
dimwishlist:item=2763843898&perks=1482024992,106909392,3038247973,4049631843 
dimwishlist:item=2763843898&perks=1482024992,106909392,3038247973,3891536761 
dimwishlist:item=2763843898&perks=1482024992,1087426260,3824105627,4049631843 
dimwishlist:item=2763843898&perks=1482024992,1087426260,3824105627,3891536761 
dimwishlist:item=2763843898&perks=1482024992,1087426260,3038247973,4049631843 
dimwishlist:item=2763843898&perks=1482024992,1087426260,3038247973,3891536761 
dimwishlist:item=2763843898&perks=1482024992,3230963543,3824105627,4049631843 
dimwishlist:item=2763843898&perks=1482024992,3230963543,3824105627,3891536761 
dimwishlist:item=2763843898&perks=1482024992,3230963543,3038247973,4049631843 
dimwishlist:item=2763843898&perks=1482024992,3230963543,3038247973,3891536761 
dimwishlist:item=2763843898&perks=4090651448,106909392,3824105627,4049631843 
dimwishlist:item=2763843898&perks=4090651448,106909392,3824105627,3891536761 
dimwishlist:item=2763843898&perks=4090651448,106909392,3038247973,4049631843 
dimwishlist:item=2763843898&perks=4090651448,106909392,3038247973,3891536761 
dimwishlist:item=2763843898&perks=4090651448,1087426260,3824105627,4049631843 
dimwishlist:item=2763843898&perks=4090651448,1087426260,3824105627,3891536761 
dimwishlist:item=2763843898&perks=4090651448,1087426260,3038247973,4049631843 
dimwishlist:item=2763843898&perks=4090651448,1087426260,3038247973,3891536761 
dimwishlist:item=2763843898&perks=4090651448,3230963543,3824105627,4049631843 
dimwishlist:item=2763843898&perks=4090651448,3230963543,3824105627,3891536761 
dimwishlist:item=2763843898&perks=4090651448,3230963543,3038247973,4049631843 
dimwishlist:item=2763843898&perks=4090651448,3230963543,3038247973,3891536761 
