<--------------------------------------------------Episode: Echoes-------------------------------------------------->
//Better Devils (Season 24)
//notes: (PvP): Full Range send with Perpet/Moving/Range and Zen/Opening/Explosive
dimwishlist:item=4152016199&perks=3250034553,3142289711,1428297954,2387244414 
dimwishlist:item=4152016199&perks=3250034553,3142289711,1428297954,47981717 
dimwishlist:item=4152016199&perks=3250034553,3142289711,1428297954,3038247973 
dimwishlist:item=4152016199&perks=3250034553,3142289711,1428297954,3511092054 
dimwishlist:item=4152016199&perks=3250034553,3142289711,1428297954,1015611457 
dimwishlist:item=4152016199&perks=3250034553,3142289711,588594999,2387244414 
dimwishlist:item=4152016199&perks=3250034553,3142289711,588594999,47981717 
dimwishlist:item=4152016199&perks=3250034553,3142289711,588594999,3038247973 
dimwishlist:item=4152016199&perks=3250034553,3142289711,588594999,3511092054 
dimwishlist:item=4152016199&perks=3250034553,3142289711,588594999,1015611457 
dimwishlist:item=4152016199&perks=3250034553,3142289711,2846385770,2387244414 
dimwishlist:item=4152016199&perks=3250034553,3142289711,2846385770,47981717 
dimwishlist:item=4152016199&perks=3250034553,3142289711,2846385770,3038247973 
dimwishlist:item=4152016199&perks=3250034553,3142289711,2846385770,3511092054 
dimwishlist:item=4152016199&perks=3250034553,3142289711,2846385770,1015611457 
dimwishlist:item=4152016199&perks=3250034553,3142289711,3828510309,2387244414 
dimwishlist:item=4152016199&perks=3250034553,3142289711,3828510309,47981717 
dimwishlist:item=4152016199&perks=3250034553,3142289711,3828510309,3038247973 
dimwishlist:item=4152016199&perks=3250034553,3142289711,3828510309,3511092054 
dimwishlist:item=4152016199&perks=3250034553,3142289711,3828510309,1015611457 
dimwishlist:item=4152016199&perks=3250034553,3142289711,247725512,2387244414 
dimwishlist:item=4152016199&perks=3250034553,3142289711,247725512,47981717 
dimwishlist:item=4152016199&perks=3250034553,3142289711,247725512,3038247973 
dimwishlist:item=4152016199&perks=3250034553,3142289711,247725512,3511092054 
dimwishlist:item=4152016199&perks=3250034553,3142289711,247725512,1015611457 
dimwishlist:item=4152016199&perks=3250034553,3142289711,1421772400,2387244414 
dimwishlist:item=4152016199&perks=3250034553,3142289711,1421772400,47981717 
dimwishlist:item=4152016199&perks=3250034553,3142289711,1421772400,3038247973 
dimwishlist:item=4152016199&perks=3250034553,3142289711,1421772400,3511092054 
dimwishlist:item=4152016199&perks=3250034553,3142289711,1421772400,1015611457 
dimwishlist:item=4152016199&perks=1482024992,3142289711,1428297954,2387244414 
dimwishlist:item=4152016199&perks=1482024992,3142289711,1428297954,47981717 
dimwishlist:item=4152016199&perks=1482024992,3142289711,1428297954,3038247973 
dimwishlist:item=4152016199&perks=1482024992,3142289711,1428297954,3511092054 
dimwishlist:item=4152016199&perks=1482024992,3142289711,1428297954,1015611457 
dimwishlist:item=4152016199&perks=1482024992,3142289711,588594999,2387244414 
dimwishlist:item=4152016199&perks=1482024992,3142289711,588594999,47981717 
dimwishlist:item=4152016199&perks=1482024992,3142289711,588594999,3038247973 
dimwishlist:item=4152016199&perks=1482024992,3142289711,588594999,3511092054 
dimwishlist:item=4152016199&perks=1482024992,3142289711,588594999,1015611457 
dimwishlist:item=4152016199&perks=1482024992,3142289711,2846385770,2387244414 
dimwishlist:item=4152016199&perks=1482024992,3142289711,2846385770,47981717 
dimwishlist:item=4152016199&perks=1482024992,3142289711,2846385770,3038247973 
dimwishlist:item=4152016199&perks=1482024992,3142289711,2846385770,3511092054 
dimwishlist:item=4152016199&perks=1482024992,3142289711,2846385770,1015611457 
dimwishlist:item=4152016199&perks=1482024992,3142289711,3828510309,2387244414 
dimwishlist:item=4152016199&perks=1482024992,3142289711,3828510309,47981717 
dimwishlist:item=4152016199&perks=1482024992,3142289711,3828510309,3038247973 
dimwishlist:item=4152016199&perks=1482024992,3142289711,3828510309,3511092054 
dimwishlist:item=4152016199&perks=1482024992,3142289711,3828510309,1015611457 
dimwishlist:item=4152016199&perks=1482024992,3142289711,247725512,2387244414 
dimwishlist:item=4152016199&perks=1482024992,3142289711,247725512,47981717 
dimwishlist:item=4152016199&perks=1482024992,3142289711,247725512,3038247973 
dimwishlist:item=4152016199&perks=1482024992,3142289711,247725512,3511092054 
dimwishlist:item=4152016199&perks=1482024992,3142289711,247725512,1015611457 
dimwishlist:item=4152016199&perks=1482024992,3142289711,1421772400,2387244414 
dimwishlist:item=4152016199&perks=1482024992,3142289711,1421772400,47981717 
dimwishlist:item=4152016199&perks=1482024992,3142289711,1421772400,3038247973 
dimwishlist:item=4152016199&perks=1482024992,3142289711,1421772400,3511092054 
dimwishlist:item=4152016199&perks=1482024992,3142289711,1421772400,1015611457 
dimwishlist:item=4152016199&perks=4090651448,3142289711,1428297954,2387244414 
dimwishlist:item=4152016199&perks=4090651448,3142289711,1428297954,47981717 
dimwishlist:item=4152016199&perks=4090651448,3142289711,1428297954,3038247973 
dimwishlist:item=4152016199&perks=4090651448,3142289711,1428297954,3511092054 
dimwishlist:item=4152016199&perks=4090651448,3142289711,1428297954,1015611457 
dimwishlist:item=4152016199&perks=4090651448,3142289711,588594999,2387244414 
dimwishlist:item=4152016199&perks=4090651448,3142289711,588594999,47981717 
dimwishlist:item=4152016199&perks=4090651448,3142289711,588594999,3038247973 
dimwishlist:item=4152016199&perks=4090651448,3142289711,588594999,3511092054 
dimwishlist:item=4152016199&perks=4090651448,3142289711,588594999,1015611457 
dimwishlist:item=4152016199&perks=4090651448,3142289711,2846385770,2387244414 
dimwishlist:item=4152016199&perks=4090651448,3142289711,2846385770,47981717 
dimwishlist:item=4152016199&perks=4090651448,3142289711,2846385770,3038247973 
dimwishlist:item=4152016199&perks=4090651448,3142289711,2846385770,3511092054 
dimwishlist:item=4152016199&perks=4090651448,3142289711,2846385770,1015611457 
dimwishlist:item=4152016199&perks=4090651448,3142289711,3828510309,2387244414 
dimwishlist:item=4152016199&perks=4090651448,3142289711,3828510309,47981717 
dimwishlist:item=4152016199&perks=4090651448,3142289711,3828510309,3038247973 
dimwishlist:item=4152016199&perks=4090651448,3142289711,3828510309,3511092054 
dimwishlist:item=4152016199&perks=4090651448,3142289711,3828510309,1015611457 
dimwishlist:item=4152016199&perks=4090651448,3142289711,247725512,2387244414 
dimwishlist:item=4152016199&perks=4090651448,3142289711,247725512,47981717 
dimwishlist:item=4152016199&perks=4090651448,3142289711,247725512,3038247973 
dimwishlist:item=4152016199&perks=4090651448,3142289711,247725512,3511092054 
dimwishlist:item=4152016199&perks=4090651448,3142289711,247725512,1015611457 
dimwishlist:item=4152016199&perks=4090651448,3142289711,1421772400,2387244414 
dimwishlist:item=4152016199&perks=4090651448,3142289711,1421772400,47981717 
dimwishlist:item=4152016199&perks=4090651448,3142289711,1421772400,3038247973 
dimwishlist:item=4152016199&perks=4090651448,3142289711,1421772400,3511092054 
dimwishlist:item=4152016199&perks=4090651448,3142289711,1421772400,1015611457 
//notes: (PvE): Frenzy with Range/Stability/Mag bumps and Demo/Pug/Perpet <-OR-> Handling/Reload/Mag bumps with Demo/Pug + Adrenaline/Swash
dimwishlist:item=4152016199&perks=1482024992,1087426260,3523296417,4104185692 
dimwishlist:item=4152016199&perks=1482024992,1087426260,3523296417,11612903 
dimwishlist:item=4152016199&perks=1482024992,1087426260,3523296417,4082225868 
dimwishlist:item=4152016199&perks=1482024992,1087426260,691659142,4104185692 
dimwishlist:item=4152016199&perks=1482024992,1087426260,691659142,11612903 
dimwishlist:item=4152016199&perks=1482024992,1087426260,691659142,4082225868 
dimwishlist:item=4152016199&perks=1482024992,1087426260,1428297954,4104185692 
dimwishlist:item=4152016199&perks=1482024992,1087426260,1428297954,11612903 
dimwishlist:item=4152016199&perks=1482024992,1087426260,1428297954,4082225868 
dimwishlist:item=4152016199&perks=1482024992,1087426260,923806249,4104185692 
dimwishlist:item=4152016199&perks=1482024992,1087426260,923806249,11612903 
dimwishlist:item=4152016199&perks=1482024992,1087426260,923806249,4082225868 
dimwishlist:item=4152016199&perks=1482024992,1087426260,1523832109,4104185692 
dimwishlist:item=4152016199&perks=1482024992,1087426260,1523832109,11612903 
dimwishlist:item=4152016199&perks=1482024992,1087426260,1523832109,4082225868 
dimwishlist:item=4152016199&perks=1482024992,106909392,3523296417,4104185692 
dimwishlist:item=4152016199&perks=1482024992,106909392,3523296417,11612903 
dimwishlist:item=4152016199&perks=1482024992,106909392,3523296417,4082225868 
dimwishlist:item=4152016199&perks=1482024992,106909392,691659142,4104185692 
dimwishlist:item=4152016199&perks=1482024992,106909392,691659142,11612903 
dimwishlist:item=4152016199&perks=1482024992,106909392,691659142,4082225868 
dimwishlist:item=4152016199&perks=1482024992,106909392,1428297954,4104185692 
dimwishlist:item=4152016199&perks=1482024992,106909392,1428297954,11612903 
dimwishlist:item=4152016199&perks=1482024992,106909392,1428297954,4082225868 
dimwishlist:item=4152016199&perks=1482024992,106909392,923806249,4104185692 
dimwishlist:item=4152016199&perks=1482024992,106909392,923806249,11612903 
dimwishlist:item=4152016199&perks=1482024992,106909392,923806249,4082225868 
dimwishlist:item=4152016199&perks=1482024992,106909392,1523832109,4104185692 
dimwishlist:item=4152016199&perks=1482024992,106909392,1523832109,11612903 
dimwishlist:item=4152016199&perks=1482024992,106909392,1523832109,4082225868 
dimwishlist:item=4152016199&perks=1482024992,3230963543,3523296417,4104185692 
dimwishlist:item=4152016199&perks=1482024992,3230963543,3523296417,11612903 
dimwishlist:item=4152016199&perks=1482024992,3230963543,3523296417,4082225868 
dimwishlist:item=4152016199&perks=1482024992,3230963543,691659142,4104185692 
dimwishlist:item=4152016199&perks=1482024992,3230963543,691659142,11612903 
dimwishlist:item=4152016199&perks=1482024992,3230963543,691659142,4082225868 
dimwishlist:item=4152016199&perks=1482024992,3230963543,1428297954,4104185692 
dimwishlist:item=4152016199&perks=1482024992,3230963543,1428297954,11612903 
dimwishlist:item=4152016199&perks=1482024992,3230963543,1428297954,4082225868 
dimwishlist:item=4152016199&perks=1482024992,3230963543,923806249,4104185692 
dimwishlist:item=4152016199&perks=1482024992,3230963543,923806249,11612903 
dimwishlist:item=4152016199&perks=1482024992,3230963543,923806249,4082225868 
dimwishlist:item=4152016199&perks=1482024992,3230963543,1523832109,4104185692 
dimwishlist:item=4152016199&perks=1482024992,3230963543,1523832109,11612903 
dimwishlist:item=4152016199&perks=1482024992,3230963543,1523832109,4082225868 
dimwishlist:item=4152016199&perks=1392496348,1087426260,3523296417,4104185692 
dimwishlist:item=4152016199&perks=1392496348,1087426260,3523296417,11612903 
dimwishlist:item=4152016199&perks=1392496348,1087426260,3523296417,4082225868 
dimwishlist:item=4152016199&perks=1392496348,1087426260,691659142,4104185692 
dimwishlist:item=4152016199&perks=1392496348,1087426260,691659142,11612903 
dimwishlist:item=4152016199&perks=1392496348,1087426260,691659142,4082225868 
dimwishlist:item=4152016199&perks=1392496348,1087426260,1428297954,4104185692 
dimwishlist:item=4152016199&perks=1392496348,1087426260,1428297954,11612903 
dimwishlist:item=4152016199&perks=1392496348,1087426260,1428297954,4082225868 
dimwishlist:item=4152016199&perks=1392496348,1087426260,923806249,4104185692 
dimwishlist:item=4152016199&perks=1392496348,1087426260,923806249,11612903 
dimwishlist:item=4152016199&perks=1392496348,1087426260,923806249,4082225868 
dimwishlist:item=4152016199&perks=1392496348,1087426260,1523832109,4104185692 
dimwishlist:item=4152016199&perks=1392496348,1087426260,1523832109,11612903 
dimwishlist:item=4152016199&perks=1392496348,1087426260,1523832109,4082225868 
dimwishlist:item=4152016199&perks=1392496348,106909392,3523296417,4104185692 
dimwishlist:item=4152016199&perks=1392496348,106909392,3523296417,11612903 
dimwishlist:item=4152016199&perks=1392496348,106909392,3523296417,4082225868 
dimwishlist:item=4152016199&perks=1392496348,106909392,691659142,4104185692 
dimwishlist:item=4152016199&perks=1392496348,106909392,691659142,11612903 
dimwishlist:item=4152016199&perks=1392496348,106909392,691659142,4082225868 
dimwishlist:item=4152016199&perks=1392496348,106909392,1428297954,4104185692 
dimwishlist:item=4152016199&perks=1392496348,106909392,1428297954,11612903 
dimwishlist:item=4152016199&perks=1392496348,106909392,1428297954,4082225868 
dimwishlist:item=4152016199&perks=1392496348,106909392,923806249,4104185692 
dimwishlist:item=4152016199&perks=1392496348,106909392,923806249,11612903 
dimwishlist:item=4152016199&perks=1392496348,106909392,923806249,4082225868 
dimwishlist:item=4152016199&perks=1392496348,106909392,1523832109,4104185692 
dimwishlist:item=4152016199&perks=1392496348,106909392,1523832109,11612903 
dimwishlist:item=4152016199&perks=1392496348,106909392,1523832109,4082225868 
dimwishlist:item=4152016199&perks=1392496348,3230963543,3523296417,4104185692 
dimwishlist:item=4152016199&perks=1392496348,3230963543,3523296417,11612903 
dimwishlist:item=4152016199&perks=1392496348,3230963543,3523296417,4082225868 
dimwishlist:item=4152016199&perks=1392496348,3230963543,691659142,4104185692 
dimwishlist:item=4152016199&perks=1392496348,3230963543,691659142,11612903 
dimwishlist:item=4152016199&perks=1392496348,3230963543,691659142,4082225868 
dimwishlist:item=4152016199&perks=1392496348,3230963543,1428297954,4104185692 
dimwishlist:item=4152016199&perks=1392496348,3230963543,1428297954,11612903 
dimwishlist:item=4152016199&perks=1392496348,3230963543,1428297954,4082225868 
dimwishlist:item=4152016199&perks=1392496348,3230963543,923806249,4104185692 
dimwishlist:item=4152016199&perks=1392496348,3230963543,923806249,11612903 
dimwishlist:item=4152016199&perks=1392496348,3230963543,923806249,4082225868 
dimwishlist:item=4152016199&perks=1392496348,3230963543,1523832109,4104185692 
dimwishlist:item=4152016199&perks=1392496348,3230963543,1523832109,11612903 
dimwishlist:item=4152016199&perks=1392496348,3230963543,1523832109,4082225868 
dimwishlist:item=4152016199&perks=3250034553,1087426260,3523296417,4104185692 
dimwishlist:item=4152016199&perks=3250034553,1087426260,3523296417,11612903 
dimwishlist:item=4152016199&perks=3250034553,1087426260,3523296417,4082225868 
dimwishlist:item=4152016199&perks=3250034553,1087426260,691659142,4104185692 
dimwishlist:item=4152016199&perks=3250034553,1087426260,691659142,11612903 
dimwishlist:item=4152016199&perks=3250034553,1087426260,691659142,4082225868 
dimwishlist:item=4152016199&perks=3250034553,1087426260,1428297954,4104185692 
dimwishlist:item=4152016199&perks=3250034553,1087426260,1428297954,11612903 
dimwishlist:item=4152016199&perks=3250034553,1087426260,1428297954,4082225868 
dimwishlist:item=4152016199&perks=3250034553,1087426260,923806249,4104185692 
dimwishlist:item=4152016199&perks=3250034553,1087426260,923806249,11612903 
dimwishlist:item=4152016199&perks=3250034553,1087426260,923806249,4082225868 
dimwishlist:item=4152016199&perks=3250034553,1087426260,1523832109,4104185692 
dimwishlist:item=4152016199&perks=3250034553,1087426260,1523832109,11612903 
dimwishlist:item=4152016199&perks=3250034553,1087426260,1523832109,4082225868 
dimwishlist:item=4152016199&perks=3250034553,106909392,3523296417,4104185692 
dimwishlist:item=4152016199&perks=3250034553,106909392,3523296417,11612903 
dimwishlist:item=4152016199&perks=3250034553,106909392,3523296417,4082225868 
dimwishlist:item=4152016199&perks=3250034553,106909392,691659142,4104185692 
dimwishlist:item=4152016199&perks=3250034553,106909392,691659142,11612903 
dimwishlist:item=4152016199&perks=3250034553,106909392,691659142,4082225868 
dimwishlist:item=4152016199&perks=3250034553,106909392,1428297954,4104185692 
dimwishlist:item=4152016199&perks=3250034553,106909392,1428297954,11612903 
dimwishlist:item=4152016199&perks=3250034553,106909392,1428297954,4082225868 
dimwishlist:item=4152016199&perks=3250034553,106909392,923806249,4104185692 
dimwishlist:item=4152016199&perks=3250034553,106909392,923806249,11612903 
dimwishlist:item=4152016199&perks=3250034553,106909392,923806249,4082225868 
dimwishlist:item=4152016199&perks=3250034553,106909392,1523832109,4104185692 
dimwishlist:item=4152016199&perks=3250034553,106909392,1523832109,11612903 
dimwishlist:item=4152016199&perks=3250034553,106909392,1523832109,4082225868 
dimwishlist:item=4152016199&perks=3250034553,3230963543,3523296417,4104185692 
dimwishlist:item=4152016199&perks=3250034553,3230963543,3523296417,11612903 
dimwishlist:item=4152016199&perks=3250034553,3230963543,3523296417,4082225868 
dimwishlist:item=4152016199&perks=3250034553,3230963543,691659142,4104185692 
dimwishlist:item=4152016199&perks=3250034553,3230963543,691659142,11612903 
dimwishlist:item=4152016199&perks=3250034553,3230963543,691659142,4082225868 
dimwishlist:item=4152016199&perks=3250034553,3230963543,1428297954,4104185692 
dimwishlist:item=4152016199&perks=3250034553,3230963543,1428297954,11612903 
dimwishlist:item=4152016199&perks=3250034553,3230963543,1428297954,4082225868 
dimwishlist:item=4152016199&perks=3250034553,3230963543,923806249,4104185692 
dimwishlist:item=4152016199&perks=3250034553,3230963543,923806249,11612903 
dimwishlist:item=4152016199&perks=3250034553,3230963543,923806249,4082225868 
dimwishlist:item=4152016199&perks=3250034553,3230963543,1523832109,4104185692 
dimwishlist:item=4152016199&perks=3250034553,3230963543,1523832109,11612903 
dimwishlist:item=4152016199&perks=3250034553,3230963543,1523832109,4082225868 
dimwishlist:item=4152016199&perks=1840239774,1087426260,3523296417,4104185692 
dimwishlist:item=4152016199&perks=1840239774,1087426260,3523296417,11612903 
dimwishlist:item=4152016199&perks=1840239774,1087426260,3523296417,4082225868 
dimwishlist:item=4152016199&perks=1840239774,1087426260,691659142,4104185692 
dimwishlist:item=4152016199&perks=1840239774,1087426260,691659142,11612903 
dimwishlist:item=4152016199&perks=1840239774,1087426260,691659142,4082225868 
dimwishlist:item=4152016199&perks=1840239774,1087426260,1428297954,4104185692 
dimwishlist:item=4152016199&perks=1840239774,1087426260,1428297954,11612903 
dimwishlist:item=4152016199&perks=1840239774,1087426260,1428297954,4082225868 
dimwishlist:item=4152016199&perks=1840239774,1087426260,923806249,4104185692 
dimwishlist:item=4152016199&perks=1840239774,1087426260,923806249,11612903 
dimwishlist:item=4152016199&perks=1840239774,1087426260,923806249,4082225868 
dimwishlist:item=4152016199&perks=1840239774,1087426260,1523832109,4104185692 
dimwishlist:item=4152016199&perks=1840239774,1087426260,1523832109,11612903 
dimwishlist:item=4152016199&perks=1840239774,1087426260,1523832109,4082225868 
dimwishlist:item=4152016199&perks=1840239774,106909392,3523296417,4104185692 
dimwishlist:item=4152016199&perks=1840239774,106909392,3523296417,11612903 
dimwishlist:item=4152016199&perks=1840239774,106909392,3523296417,4082225868 
dimwishlist:item=4152016199&perks=1840239774,106909392,691659142,4104185692 
dimwishlist:item=4152016199&perks=1840239774,106909392,691659142,11612903 
dimwishlist:item=4152016199&perks=1840239774,106909392,691659142,4082225868 
dimwishlist:item=4152016199&perks=1840239774,106909392,1428297954,4104185692 
dimwishlist:item=4152016199&perks=1840239774,106909392,1428297954,11612903 
dimwishlist:item=4152016199&perks=1840239774,106909392,1428297954,4082225868 
dimwishlist:item=4152016199&perks=1840239774,106909392,923806249,4104185692 
dimwishlist:item=4152016199&perks=1840239774,106909392,923806249,11612903 
dimwishlist:item=4152016199&perks=1840239774,106909392,923806249,4082225868 
dimwishlist:item=4152016199&perks=1840239774,106909392,1523832109,4104185692 
dimwishlist:item=4152016199&perks=1840239774,106909392,1523832109,11612903 
dimwishlist:item=4152016199&perks=1840239774,106909392,1523832109,4082225868 
dimwishlist:item=4152016199&perks=1840239774,3230963543,3523296417,4104185692 
dimwishlist:item=4152016199&perks=1840239774,3230963543,3523296417,11612903 
dimwishlist:item=4152016199&perks=1840239774,3230963543,3523296417,4082225868 
dimwishlist:item=4152016199&perks=1840239774,3230963543,691659142,4104185692 
dimwishlist:item=4152016199&perks=1840239774,3230963543,691659142,11612903 
dimwishlist:item=4152016199&perks=1840239774,3230963543,691659142,4082225868 
dimwishlist:item=4152016199&perks=1840239774,3230963543,1428297954,4104185692 
dimwishlist:item=4152016199&perks=1840239774,3230963543,1428297954,11612903 
dimwishlist:item=4152016199&perks=1840239774,3230963543,1428297954,4082225868 
dimwishlist:item=4152016199&perks=1840239774,3230963543,923806249,4104185692 
dimwishlist:item=4152016199&perks=1840239774,3230963543,923806249,11612903 
dimwishlist:item=4152016199&perks=1840239774,3230963543,923806249,4082225868 
dimwishlist:item=4152016199&perks=1840239774,3230963543,1523832109,4104185692 
dimwishlist:item=4152016199&perks=1840239774,3230963543,1523832109,11612903 
dimwishlist:item=4152016199&perks=1840239774,3230963543,1523832109,4082225868 
dimwishlist:item=4152016199&perks=4090651448,1087426260,3523296417,4104185692 
dimwishlist:item=4152016199&perks=4090651448,1087426260,3523296417,11612903 
dimwishlist:item=4152016199&perks=4090651448,1087426260,3523296417,4082225868 
dimwishlist:item=4152016199&perks=4090651448,1087426260,691659142,4104185692 
dimwishlist:item=4152016199&perks=4090651448,1087426260,691659142,11612903 
dimwishlist:item=4152016199&perks=4090651448,1087426260,691659142,4082225868 
dimwishlist:item=4152016199&perks=4090651448,1087426260,1428297954,4104185692 
dimwishlist:item=4152016199&perks=4090651448,1087426260,1428297954,11612903 
dimwishlist:item=4152016199&perks=4090651448,1087426260,1428297954,4082225868 
dimwishlist:item=4152016199&perks=4090651448,1087426260,923806249,4104185692 
dimwishlist:item=4152016199&perks=4090651448,1087426260,923806249,11612903 
dimwishlist:item=4152016199&perks=4090651448,1087426260,923806249,4082225868 
dimwishlist:item=4152016199&perks=4090651448,1087426260,1523832109,4104185692 
dimwishlist:item=4152016199&perks=4090651448,1087426260,1523832109,11612903 
dimwishlist:item=4152016199&perks=4090651448,1087426260,1523832109,4082225868 
dimwishlist:item=4152016199&perks=4090651448,106909392,3523296417,4104185692 
dimwishlist:item=4152016199&perks=4090651448,106909392,3523296417,11612903 
dimwishlist:item=4152016199&perks=4090651448,106909392,3523296417,4082225868 
dimwishlist:item=4152016199&perks=4090651448,106909392,691659142,4104185692 
dimwishlist:item=4152016199&perks=4090651448,106909392,691659142,11612903 
dimwishlist:item=4152016199&perks=4090651448,106909392,691659142,4082225868 
dimwishlist:item=4152016199&perks=4090651448,106909392,1428297954,4104185692 
dimwishlist:item=4152016199&perks=4090651448,106909392,1428297954,11612903 
dimwishlist:item=4152016199&perks=4090651448,106909392,1428297954,4082225868 
dimwishlist:item=4152016199&perks=4090651448,106909392,923806249,4104185692 
dimwishlist:item=4152016199&perks=4090651448,106909392,923806249,11612903 
dimwishlist:item=4152016199&perks=4090651448,106909392,923806249,4082225868 
dimwishlist:item=4152016199&perks=4090651448,106909392,1523832109,4104185692 
dimwishlist:item=4152016199&perks=4090651448,106909392,1523832109,11612903 
dimwishlist:item=4152016199&perks=4090651448,106909392,1523832109,4082225868 
dimwishlist:item=4152016199&perks=4090651448,3230963543,3523296417,4104185692 
dimwishlist:item=4152016199&perks=4090651448,3230963543,3523296417,11612903 
dimwishlist:item=4152016199&perks=4090651448,3230963543,3523296417,4082225868 
dimwishlist:item=4152016199&perks=4090651448,3230963543,691659142,4104185692 
dimwishlist:item=4152016199&perks=4090651448,3230963543,691659142,11612903 
dimwishlist:item=4152016199&perks=4090651448,3230963543,691659142,4082225868 
dimwishlist:item=4152016199&perks=4090651448,3230963543,1428297954,4104185692 
dimwishlist:item=4152016199&perks=4090651448,3230963543,1428297954,11612903 
dimwishlist:item=4152016199&perks=4090651448,3230963543,1428297954,4082225868 
dimwishlist:item=4152016199&perks=4090651448,3230963543,923806249,4104185692 
dimwishlist:item=4152016199&perks=4090651448,3230963543,923806249,11612903 
dimwishlist:item=4152016199&perks=4090651448,3230963543,923806249,4082225868 
dimwishlist:item=4152016199&perks=4090651448,3230963543,1523832109,4104185692 
dimwishlist:item=4152016199&perks=4090651448,3230963543,1523832109,11612903 
dimwishlist:item=4152016199&perks=4090651448,3230963543,1523832109,4082225868 
//notes: Junk
dimwishlist:item=-4152016199


//Lethal Abundance (Season 24)
//notes: (PvP): Arrow/Chambered - Steady/Accurized - Dynamic/Keep - Target/Tap; MAsterwork: Stability
dimwishlist:item=3428407746&perks=839105230,3177308360,1359896290,365154968 
dimwishlist:item=3428407746&perks=839105230,3177308360,1359896290,1890422124 
dimwishlist:item=3428407746&perks=839105230,3177308360,1359896290,95528736 
dimwishlist:item=3428407746&perks=839105230,3177308360,3619207468,365154968 
dimwishlist:item=3428407746&perks=839105230,3177308360,3619207468,1890422124 
dimwishlist:item=3428407746&perks=839105230,3177308360,3619207468,95528736 
dimwishlist:item=3428407746&perks=839105230,3177308360,3511092054,365154968 
dimwishlist:item=3428407746&perks=839105230,3177308360,3511092054,1890422124 
dimwishlist:item=3428407746&perks=839105230,3177308360,3511092054,95528736 
dimwishlist:item=3428407746&perks=839105230,3142289711,1359896290,365154968 
dimwishlist:item=3428407746&perks=839105230,3142289711,1359896290,1890422124 
dimwishlist:item=3428407746&perks=839105230,3142289711,1359896290,95528736 
dimwishlist:item=3428407746&perks=839105230,3142289711,3619207468,365154968 
dimwishlist:item=3428407746&perks=839105230,3142289711,3619207468,1890422124 
dimwishlist:item=3428407746&perks=839105230,3142289711,3619207468,95528736 
dimwishlist:item=3428407746&perks=839105230,3142289711,3511092054,365154968 
dimwishlist:item=3428407746&perks=839105230,3142289711,3511092054,1890422124 
dimwishlist:item=3428407746&perks=839105230,3142289711,3511092054,95528736 
dimwishlist:item=3428407746&perks=3661387068,3177308360,1359896290,365154968 
dimwishlist:item=3428407746&perks=3661387068,3177308360,1359896290,1890422124 
dimwishlist:item=3428407746&perks=3661387068,3177308360,1359896290,95528736 
dimwishlist:item=3428407746&perks=3661387068,3177308360,3619207468,365154968 
dimwishlist:item=3428407746&perks=3661387068,3177308360,3619207468,1890422124 
dimwishlist:item=3428407746&perks=3661387068,3177308360,3619207468,95528736 
dimwishlist:item=3428407746&perks=3661387068,3177308360,3511092054,365154968 
dimwishlist:item=3428407746&perks=3661387068,3177308360,3511092054,1890422124 
dimwishlist:item=3428407746&perks=3661387068,3177308360,3511092054,95528736 
dimwishlist:item=3428407746&perks=3661387068,3142289711,1359896290,365154968 
dimwishlist:item=3428407746&perks=3661387068,3142289711,1359896290,1890422124 
dimwishlist:item=3428407746&perks=3661387068,3142289711,1359896290,95528736 
dimwishlist:item=3428407746&perks=3661387068,3142289711,3619207468,365154968 
dimwishlist:item=3428407746&perks=3661387068,3142289711,3619207468,1890422124 
dimwishlist:item=3428407746&perks=3661387068,3142289711,3619207468,95528736 
dimwishlist:item=3428407746&perks=3661387068,3142289711,3511092054,365154968 
dimwishlist:item=3428407746&perks=3661387068,3142289711,3511092054,1890422124 
dimwishlist:item=3428407746&perks=3661387068,3142289711,3511092054,95528736 
dimwishlist:item=3428407746&perks=1467527085,3177308360,1359896290,365154968 
dimwishlist:item=3428407746&perks=1467527085,3177308360,1359896290,1890422124 
dimwishlist:item=3428407746&perks=1467527085,3177308360,1359896290,95528736 
dimwishlist:item=3428407746&perks=1467527085,3177308360,3619207468,365154968 
dimwishlist:item=3428407746&perks=1467527085,3177308360,3619207468,1890422124 
dimwishlist:item=3428407746&perks=1467527085,3177308360,3619207468,95528736 
dimwishlist:item=3428407746&perks=1467527085,3177308360,3511092054,365154968 
dimwishlist:item=3428407746&perks=1467527085,3177308360,3511092054,1890422124 
dimwishlist:item=3428407746&perks=1467527085,3177308360,3511092054,95528736 
dimwishlist:item=3428407746&perks=1467527085,3142289711,1359896290,365154968 
dimwishlist:item=3428407746&perks=1467527085,3142289711,1359896290,1890422124 
dimwishlist:item=3428407746&perks=1467527085,3142289711,1359896290,95528736 
dimwishlist:item=3428407746&perks=1467527085,3142289711,3619207468,365154968 
dimwishlist:item=3428407746&perks=1467527085,3142289711,3619207468,1890422124 
dimwishlist:item=3428407746&perks=1467527085,3142289711,3619207468,95528736 
dimwishlist:item=3428407746&perks=1467527085,3142289711,3511092054,365154968 
dimwishlist:item=3428407746&perks=1467527085,3142289711,3511092054,1890422124 
dimwishlist:item=3428407746&perks=1467527085,3142289711,3511092054,95528736 
dimwishlist:item=3428407746&perks=1840239774,3177308360,1359896290,365154968 
dimwishlist:item=3428407746&perks=1840239774,3177308360,1359896290,1890422124 
dimwishlist:item=3428407746&perks=1840239774,3177308360,1359896290,95528736 
dimwishlist:item=3428407746&perks=1840239774,3177308360,3619207468,365154968 
dimwishlist:item=3428407746&perks=1840239774,3177308360,3619207468,1890422124 
dimwishlist:item=3428407746&perks=1840239774,3177308360,3619207468,95528736 
dimwishlist:item=3428407746&perks=1840239774,3177308360,3511092054,365154968 
dimwishlist:item=3428407746&perks=1840239774,3177308360,3511092054,1890422124 
dimwishlist:item=3428407746&perks=1840239774,3177308360,3511092054,95528736 
dimwishlist:item=3428407746&perks=1840239774,3142289711,1359896290,365154968 
dimwishlist:item=3428407746&perks=1840239774,3142289711,1359896290,1890422124 
dimwishlist:item=3428407746&perks=1840239774,3142289711,1359896290,95528736 
dimwishlist:item=3428407746&perks=1840239774,3142289711,3619207468,365154968 
dimwishlist:item=3428407746&perks=1840239774,3142289711,3619207468,1890422124 
dimwishlist:item=3428407746&perks=1840239774,3142289711,3619207468,95528736 
dimwishlist:item=3428407746&perks=1840239774,3142289711,3511092054,365154968 
dimwishlist:item=3428407746&perks=1840239774,3142289711,3511092054,1890422124 
dimwishlist:item=3428407746&perks=1840239774,3142289711,3511092054,95528736 
//notes: (PvE): Arrowhead/Fluted - Appended/Tac - Keep/Slice - Target/Onslaught; Masterwork: Reload
dimwishlist:item=3428407746&perks=839105230,1087426260,3619207468,365154968 
dimwishlist:item=3428407746&perks=839105230,1087426260,3619207468,95528736 
dimwishlist:item=3428407746&perks=839105230,1087426260,3619207468,831391274 
dimwishlist:item=3428407746&perks=839105230,1087426260,923806249,365154968 
dimwishlist:item=3428407746&perks=839105230,1087426260,923806249,95528736 
dimwishlist:item=3428407746&perks=839105230,1087426260,923806249,831391274 
dimwishlist:item=3428407746&perks=839105230,106909392,3619207468,365154968 
dimwishlist:item=3428407746&perks=839105230,106909392,3619207468,95528736 
dimwishlist:item=3428407746&perks=839105230,106909392,3619207468,831391274 
dimwishlist:item=3428407746&perks=839105230,106909392,923806249,365154968 
dimwishlist:item=3428407746&perks=839105230,106909392,923806249,95528736 
dimwishlist:item=3428407746&perks=839105230,106909392,923806249,831391274 
dimwishlist:item=3428407746&perks=839105230,3230963543,3619207468,365154968 
dimwishlist:item=3428407746&perks=839105230,3230963543,3619207468,95528736 
dimwishlist:item=3428407746&perks=839105230,3230963543,3619207468,831391274 
dimwishlist:item=3428407746&perks=839105230,3230963543,923806249,365154968 
dimwishlist:item=3428407746&perks=839105230,3230963543,923806249,95528736 
dimwishlist:item=3428407746&perks=839105230,3230963543,923806249,831391274 
dimwishlist:item=3428407746&perks=1840239774,1087426260,3619207468,365154968 
dimwishlist:item=3428407746&perks=1840239774,1087426260,3619207468,95528736 
dimwishlist:item=3428407746&perks=1840239774,1087426260,3619207468,831391274 
dimwishlist:item=3428407746&perks=1840239774,1087426260,923806249,365154968 
dimwishlist:item=3428407746&perks=1840239774,1087426260,923806249,95528736 
dimwishlist:item=3428407746&perks=1840239774,1087426260,923806249,831391274 
dimwishlist:item=3428407746&perks=1840239774,106909392,3619207468,365154968 
dimwishlist:item=3428407746&perks=1840239774,106909392,3619207468,95528736 
dimwishlist:item=3428407746&perks=1840239774,106909392,3619207468,831391274 
dimwishlist:item=3428407746&perks=1840239774,106909392,923806249,365154968 
dimwishlist:item=3428407746&perks=1840239774,106909392,923806249,95528736 
dimwishlist:item=3428407746&perks=1840239774,106909392,923806249,831391274 
dimwishlist:item=3428407746&perks=1840239774,3230963543,3619207468,365154968 
dimwishlist:item=3428407746&perks=1840239774,3230963543,3619207468,95528736 
dimwishlist:item=3428407746&perks=1840239774,3230963543,3619207468,831391274 
dimwishlist:item=3428407746&perks=1840239774,3230963543,923806249,365154968 
dimwishlist:item=3428407746&perks=1840239774,3230963543,923806249,95528736 
dimwishlist:item=3428407746&perks=1840239774,3230963543,923806249,831391274 
dimwishlist:item=3428407746&perks=4090651448,1087426260,3619207468,365154968 
dimwishlist:item=3428407746&perks=4090651448,1087426260,3619207468,95528736 
dimwishlist:item=3428407746&perks=4090651448,1087426260,3619207468,831391274 
dimwishlist:item=3428407746&perks=4090651448,1087426260,923806249,365154968 
dimwishlist:item=3428407746&perks=4090651448,1087426260,923806249,95528736 
dimwishlist:item=3428407746&perks=4090651448,1087426260,923806249,831391274 
dimwishlist:item=3428407746&perks=4090651448,106909392,3619207468,365154968 
dimwishlist:item=3428407746&perks=4090651448,106909392,3619207468,95528736 
dimwishlist:item=3428407746&perks=4090651448,106909392,3619207468,831391274 
dimwishlist:item=3428407746&perks=4090651448,106909392,923806249,365154968 
dimwishlist:item=3428407746&perks=4090651448,106909392,923806249,95528736 
dimwishlist:item=3428407746&perks=4090651448,106909392,923806249,831391274 
dimwishlist:item=3428407746&perks=4090651448,3230963543,3619207468,365154968 
dimwishlist:item=3428407746&perks=4090651448,3230963543,3619207468,95528736 
dimwishlist:item=3428407746&perks=4090651448,3230963543,3619207468,831391274 
dimwishlist:item=3428407746&perks=4090651448,3230963543,923806249,365154968 
dimwishlist:item=3428407746&perks=4090651448,3230963543,923806249,95528736 
dimwishlist:item=3428407746&perks=4090651448,3230963543,923806249,831391274 
//notes: Junk
dimwishlist:item=-3428407746



//Origin Story (Season 24)
//notes: (PvP): Arrowhead Brake - Ricochet Rounds - Zen/Keep/Dynamic - Onslaught/Target Lock; Masterwork: Range or Stability
dimwishlist:item=2826850739&perks=839105230,1885400500,2387244414,95528736 
dimwishlist:item=2826850739&perks=839105230,1885400500,2387244414,365154968 
dimwishlist:item=2826850739&perks=839105230,1885400500,3619207468,95528736 
dimwishlist:item=2826850739&perks=839105230,1885400500,3619207468,365154968 
dimwishlist:item=2826850739&perks=839105230,1885400500,1359896290,95528736 
dimwishlist:item=2826850739&perks=839105230,1885400500,1359896290,365154968 
dimwishlist:item=2826850739&perks=839105230,1885400500,2451262963,95528736 
dimwishlist:item=2826850739&perks=839105230,1885400500,2451262963,365154968 
dimwishlist:item=2826850739&perks=839105230,1885400500,2039302152,95528736 
dimwishlist:item=2826850739&perks=839105230,1885400500,2039302152,365154968 
//notes: (PvE): Arrow/Fluted - Appended/Armor - Feeding/Keep Away - Target/Kinetic/Onslaught; Masterwork: Reload
dimwishlist:item=2826850739&perks=839105230,1087426260,2779035018,365154968 
dimwishlist:item=2826850739&perks=839105230,1087426260,2779035018,3891536761 
dimwishlist:item=2826850739&perks=839105230,1087426260,2779035018,95528736 
dimwishlist:item=2826850739&perks=839105230,1087426260,2779035018,3425386926 
dimwishlist:item=2826850739&perks=839105230,1087426260,2779035018,4082225868 
dimwishlist:item=2826850739&perks=839105230,1087426260,2779035018,2319119708 
dimwishlist:item=2826850739&perks=839105230,1087426260,2779035018,691659142 
dimwishlist:item=2826850739&perks=839105230,1087426260,3619207468,365154968 
dimwishlist:item=2826850739&perks=839105230,1087426260,3619207468,3891536761 
dimwishlist:item=2826850739&perks=839105230,1087426260,3619207468,95528736 
dimwishlist:item=2826850739&perks=839105230,1087426260,3619207468,3425386926 
dimwishlist:item=2826850739&perks=839105230,1087426260,3619207468,4082225868 
dimwishlist:item=2826850739&perks=839105230,1087426260,3619207468,2319119708 
dimwishlist:item=2826850739&perks=839105230,1087426260,3619207468,691659142 
dimwishlist:item=2826850739&perks=839105230,1087426260,3523296417,365154968 
dimwishlist:item=2826850739&perks=839105230,1087426260,3523296417,3891536761 
dimwishlist:item=2826850739&perks=839105230,1087426260,3523296417,95528736 
dimwishlist:item=2826850739&perks=839105230,1087426260,3523296417,3425386926 
dimwishlist:item=2826850739&perks=839105230,1087426260,3523296417,4082225868 
dimwishlist:item=2826850739&perks=839105230,1087426260,3523296417,2319119708 
dimwishlist:item=2826850739&perks=839105230,1087426260,3523296417,691659142 
dimwishlist:item=2826850739&perks=839105230,1087426260,880644845,365154968 
dimwishlist:item=2826850739&perks=839105230,1087426260,880644845,3891536761 
dimwishlist:item=2826850739&perks=839105230,1087426260,880644845,95528736 
dimwishlist:item=2826850739&perks=839105230,1087426260,880644845,3425386926 
dimwishlist:item=2826850739&perks=839105230,1087426260,880644845,4082225868 
dimwishlist:item=2826850739&perks=839105230,1087426260,880644845,2319119708 
dimwishlist:item=2826850739&perks=839105230,1087426260,880644845,691659142 
dimwishlist:item=2826850739&perks=839105230,1087426260,4071163871,365154968 
dimwishlist:item=2826850739&perks=839105230,1087426260,4071163871,3891536761 
dimwishlist:item=2826850739&perks=839105230,1087426260,4071163871,95528736 
dimwishlist:item=2826850739&perks=839105230,1087426260,4071163871,3425386926 
dimwishlist:item=2826850739&perks=839105230,1087426260,4071163871,4082225868 
dimwishlist:item=2826850739&perks=839105230,1087426260,4071163871,2319119708 
dimwishlist:item=2826850739&perks=839105230,1087426260,4071163871,691659142 
dimwishlist:item=2826850739&perks=839105230,1968497646,2779035018,365154968 
dimwishlist:item=2826850739&perks=839105230,1968497646,2779035018,3891536761 
dimwishlist:item=2826850739&perks=839105230,1968497646,2779035018,95528736 
dimwishlist:item=2826850739&perks=839105230,1968497646,2779035018,3425386926 
dimwishlist:item=2826850739&perks=839105230,1968497646,2779035018,4082225868 
dimwishlist:item=2826850739&perks=839105230,1968497646,2779035018,2319119708 
dimwishlist:item=2826850739&perks=839105230,1968497646,2779035018,691659142 
dimwishlist:item=2826850739&perks=839105230,1968497646,3619207468,365154968 
dimwishlist:item=2826850739&perks=839105230,1968497646,3619207468,3891536761 
dimwishlist:item=2826850739&perks=839105230,1968497646,3619207468,95528736 
dimwishlist:item=2826850739&perks=839105230,1968497646,3619207468,3425386926 
dimwishlist:item=2826850739&perks=839105230,1968497646,3619207468,4082225868 
dimwishlist:item=2826850739&perks=839105230,1968497646,3619207468,2319119708 
dimwishlist:item=2826850739&perks=839105230,1968497646,3619207468,691659142 
dimwishlist:item=2826850739&perks=839105230,1968497646,3523296417,365154968 
dimwishlist:item=2826850739&perks=839105230,1968497646,3523296417,3891536761 
dimwishlist:item=2826850739&perks=839105230,1968497646,3523296417,95528736 
dimwishlist:item=2826850739&perks=839105230,1968497646,3523296417,3425386926 
dimwishlist:item=2826850739&perks=839105230,1968497646,3523296417,4082225868 
dimwishlist:item=2826850739&perks=839105230,1968497646,3523296417,2319119708 
dimwishlist:item=2826850739&perks=839105230,1968497646,3523296417,691659142 
dimwishlist:item=2826850739&perks=839105230,1968497646,880644845,365154968 
dimwishlist:item=2826850739&perks=839105230,1968497646,880644845,3891536761 
dimwishlist:item=2826850739&perks=839105230,1968497646,880644845,95528736 
dimwishlist:item=2826850739&perks=839105230,1968497646,880644845,3425386926 
dimwishlist:item=2826850739&perks=839105230,1968497646,880644845,4082225868 
dimwishlist:item=2826850739&perks=839105230,1968497646,880644845,2319119708 
dimwishlist:item=2826850739&perks=839105230,1968497646,880644845,691659142 
dimwishlist:item=2826850739&perks=839105230,1968497646,4071163871,365154968 
dimwishlist:item=2826850739&perks=839105230,1968497646,4071163871,3891536761 
dimwishlist:item=2826850739&perks=839105230,1968497646,4071163871,95528736 
dimwishlist:item=2826850739&perks=839105230,1968497646,4071163871,3425386926 
dimwishlist:item=2826850739&perks=839105230,1968497646,4071163871,4082225868 
dimwishlist:item=2826850739&perks=839105230,1968497646,4071163871,2319119708 
dimwishlist:item=2826850739&perks=839105230,1968497646,4071163871,691659142 
dimwishlist:item=2826850739&perks=839105230,3230963543,2779035018,365154968 
dimwishlist:item=2826850739&perks=839105230,3230963543,2779035018,3891536761 
dimwishlist:item=2826850739&perks=839105230,3230963543,2779035018,95528736 
dimwishlist:item=2826850739&perks=839105230,3230963543,2779035018,3425386926 
dimwishlist:item=2826850739&perks=839105230,3230963543,2779035018,4082225868 
dimwishlist:item=2826850739&perks=839105230,3230963543,2779035018,2319119708 
dimwishlist:item=2826850739&perks=839105230,3230963543,2779035018,691659142 
dimwishlist:item=2826850739&perks=839105230,3230963543,3619207468,365154968 
dimwishlist:item=2826850739&perks=839105230,3230963543,3619207468,3891536761 
dimwishlist:item=2826850739&perks=839105230,3230963543,3619207468,95528736 
dimwishlist:item=2826850739&perks=839105230,3230963543,3619207468,3425386926 
dimwishlist:item=2826850739&perks=839105230,3230963543,3619207468,4082225868 
dimwishlist:item=2826850739&perks=839105230,3230963543,3619207468,2319119708 
dimwishlist:item=2826850739&perks=839105230,3230963543,3619207468,691659142 
dimwishlist:item=2826850739&perks=839105230,3230963543,3523296417,365154968 
dimwishlist:item=2826850739&perks=839105230,3230963543,3523296417,3891536761 
dimwishlist:item=2826850739&perks=839105230,3230963543,3523296417,95528736 
dimwishlist:item=2826850739&perks=839105230,3230963543,3523296417,3425386926 
dimwishlist:item=2826850739&perks=839105230,3230963543,3523296417,4082225868 
dimwishlist:item=2826850739&perks=839105230,3230963543,3523296417,2319119708 
dimwishlist:item=2826850739&perks=839105230,3230963543,3523296417,691659142 
dimwishlist:item=2826850739&perks=839105230,3230963543,880644845,365154968 
dimwishlist:item=2826850739&perks=839105230,3230963543,880644845,3891536761 
dimwishlist:item=2826850739&perks=839105230,3230963543,880644845,95528736 
dimwishlist:item=2826850739&perks=839105230,3230963543,880644845,3425386926 
dimwishlist:item=2826850739&perks=839105230,3230963543,880644845,4082225868 
dimwishlist:item=2826850739&perks=839105230,3230963543,880644845,2319119708 
dimwishlist:item=2826850739&perks=839105230,3230963543,880644845,691659142 
dimwishlist:item=2826850739&perks=839105230,3230963543,4071163871,365154968 
dimwishlist:item=2826850739&perks=839105230,3230963543,4071163871,3891536761 
dimwishlist:item=2826850739&perks=839105230,3230963543,4071163871,95528736 
dimwishlist:item=2826850739&perks=839105230,3230963543,4071163871,3425386926 
dimwishlist:item=2826850739&perks=839105230,3230963543,4071163871,4082225868 
dimwishlist:item=2826850739&perks=839105230,3230963543,4071163871,2319119708 
dimwishlist:item=2826850739&perks=839105230,3230963543,4071163871,691659142 
dimwishlist:item=2826850739&perks=1840239774,1087426260,2779035018,365154968 
dimwishlist:item=2826850739&perks=1840239774,1087426260,2779035018,3891536761 
dimwishlist:item=2826850739&perks=1840239774,1087426260,2779035018,95528736 
dimwishlist:item=2826850739&perks=1840239774,1087426260,2779035018,3425386926 
dimwishlist:item=2826850739&perks=1840239774,1087426260,2779035018,4082225868 
dimwishlist:item=2826850739&perks=1840239774,1087426260,2779035018,2319119708 
dimwishlist:item=2826850739&perks=1840239774,1087426260,2779035018,691659142 
dimwishlist:item=2826850739&perks=1840239774,1087426260,3619207468,365154968 
dimwishlist:item=2826850739&perks=1840239774,1087426260,3619207468,3891536761 
dimwishlist:item=2826850739&perks=1840239774,1087426260,3619207468,95528736 
dimwishlist:item=2826850739&perks=1840239774,1087426260,3619207468,3425386926 
dimwishlist:item=2826850739&perks=1840239774,1087426260,3619207468,4082225868 
dimwishlist:item=2826850739&perks=1840239774,1087426260,3619207468,2319119708 
dimwishlist:item=2826850739&perks=1840239774,1087426260,3619207468,691659142 
dimwishlist:item=2826850739&perks=1840239774,1087426260,3523296417,365154968 
dimwishlist:item=2826850739&perks=1840239774,1087426260,3523296417,3891536761 
dimwishlist:item=2826850739&perks=1840239774,1087426260,3523296417,95528736 
dimwishlist:item=2826850739&perks=1840239774,1087426260,3523296417,3425386926 
dimwishlist:item=2826850739&perks=1840239774,1087426260,3523296417,4082225868 
dimwishlist:item=2826850739&perks=1840239774,1087426260,3523296417,2319119708 
dimwishlist:item=2826850739&perks=1840239774,1087426260,3523296417,691659142 
dimwishlist:item=2826850739&perks=1840239774,1087426260,880644845,365154968 
dimwishlist:item=2826850739&perks=1840239774,1087426260,880644845,3891536761 
dimwishlist:item=2826850739&perks=1840239774,1087426260,880644845,95528736 
dimwishlist:item=2826850739&perks=1840239774,1087426260,880644845,3425386926 
dimwishlist:item=2826850739&perks=1840239774,1087426260,880644845,4082225868 
dimwishlist:item=2826850739&perks=1840239774,1087426260,880644845,2319119708 
dimwishlist:item=2826850739&perks=1840239774,1087426260,880644845,691659142 
dimwishlist:item=2826850739&perks=1840239774,1087426260,4071163871,365154968 
dimwishlist:item=2826850739&perks=1840239774,1087426260,4071163871,3891536761 
dimwishlist:item=2826850739&perks=1840239774,1087426260,4071163871,95528736 
dimwishlist:item=2826850739&perks=1840239774,1087426260,4071163871,3425386926 
dimwishlist:item=2826850739&perks=1840239774,1087426260,4071163871,4082225868 
dimwishlist:item=2826850739&perks=1840239774,1087426260,4071163871,2319119708 
dimwishlist:item=2826850739&perks=1840239774,1087426260,4071163871,691659142 
dimwishlist:item=2826850739&perks=1840239774,1968497646,2779035018,365154968 
dimwishlist:item=2826850739&perks=1840239774,1968497646,2779035018,3891536761 
dimwishlist:item=2826850739&perks=1840239774,1968497646,2779035018,95528736 
dimwishlist:item=2826850739&perks=1840239774,1968497646,2779035018,3425386926 
dimwishlist:item=2826850739&perks=1840239774,1968497646,2779035018,4082225868 
dimwishlist:item=2826850739&perks=1840239774,1968497646,2779035018,2319119708 
dimwishlist:item=2826850739&perks=1840239774,1968497646,2779035018,691659142 
dimwishlist:item=2826850739&perks=1840239774,1968497646,3619207468,365154968 
dimwishlist:item=2826850739&perks=1840239774,1968497646,3619207468,3891536761 
dimwishlist:item=2826850739&perks=1840239774,1968497646,3619207468,95528736 
dimwishlist:item=2826850739&perks=1840239774,1968497646,3619207468,3425386926 
dimwishlist:item=2826850739&perks=1840239774,1968497646,3619207468,4082225868 
dimwishlist:item=2826850739&perks=1840239774,1968497646,3619207468,2319119708 
dimwishlist:item=2826850739&perks=1840239774,1968497646,3619207468,691659142 
dimwishlist:item=2826850739&perks=1840239774,1968497646,3523296417,365154968 
dimwishlist:item=2826850739&perks=1840239774,1968497646,3523296417,3891536761 
dimwishlist:item=2826850739&perks=1840239774,1968497646,3523296417,95528736 
dimwishlist:item=2826850739&perks=1840239774,1968497646,3523296417,3425386926 
dimwishlist:item=2826850739&perks=1840239774,1968497646,3523296417,4082225868 
dimwishlist:item=2826850739&perks=1840239774,1968497646,3523296417,2319119708 
dimwishlist:item=2826850739&perks=1840239774,1968497646,3523296417,691659142 
dimwishlist:item=2826850739&perks=1840239774,1968497646,880644845,365154968 
dimwishlist:item=2826850739&perks=1840239774,1968497646,880644845,3891536761 
dimwishlist:item=2826850739&perks=1840239774,1968497646,880644845,95528736 
dimwishlist:item=2826850739&perks=1840239774,1968497646,880644845,3425386926 
dimwishlist:item=2826850739&perks=1840239774,1968497646,880644845,4082225868 
dimwishlist:item=2826850739&perks=1840239774,1968497646,880644845,2319119708 
dimwishlist:item=2826850739&perks=1840239774,1968497646,880644845,691659142 
dimwishlist:item=2826850739&perks=1840239774,1968497646,4071163871,365154968 
dimwishlist:item=2826850739&perks=1840239774,1968497646,4071163871,3891536761 
dimwishlist:item=2826850739&perks=1840239774,1968497646,4071163871,95528736 
dimwishlist:item=2826850739&perks=1840239774,1968497646,4071163871,3425386926 
dimwishlist:item=2826850739&perks=1840239774,1968497646,4071163871,4082225868 
dimwishlist:item=2826850739&perks=1840239774,1968497646,4071163871,2319119708 
dimwishlist:item=2826850739&perks=1840239774,1968497646,4071163871,691659142 
dimwishlist:item=2826850739&perks=1840239774,3230963543,2779035018,365154968 
dimwishlist:item=2826850739&perks=1840239774,3230963543,2779035018,3891536761 
dimwishlist:item=2826850739&perks=1840239774,3230963543,2779035018,95528736 
dimwishlist:item=2826850739&perks=1840239774,3230963543,2779035018,3425386926 
dimwishlist:item=2826850739&perks=1840239774,3230963543,2779035018,4082225868 
dimwishlist:item=2826850739&perks=1840239774,3230963543,2779035018,2319119708 
dimwishlist:item=2826850739&perks=1840239774,3230963543,2779035018,691659142 
dimwishlist:item=2826850739&perks=1840239774,3230963543,3619207468,365154968 
dimwishlist:item=2826850739&perks=1840239774,3230963543,3619207468,3891536761 
dimwishlist:item=2826850739&perks=1840239774,3230963543,3619207468,95528736 
dimwishlist:item=2826850739&perks=1840239774,3230963543,3619207468,3425386926 
dimwishlist:item=2826850739&perks=1840239774,3230963543,3619207468,4082225868 
dimwishlist:item=2826850739&perks=1840239774,3230963543,3619207468,2319119708 
dimwishlist:item=2826850739&perks=1840239774,3230963543,3619207468,691659142 
dimwishlist:item=2826850739&perks=1840239774,3230963543,3523296417,365154968 
dimwishlist:item=2826850739&perks=1840239774,3230963543,3523296417,3891536761 
dimwishlist:item=2826850739&perks=1840239774,3230963543,3523296417,95528736 
dimwishlist:item=2826850739&perks=1840239774,3230963543,3523296417,3425386926 
dimwishlist:item=2826850739&perks=1840239774,3230963543,3523296417,4082225868 
dimwishlist:item=2826850739&perks=1840239774,3230963543,3523296417,2319119708 
dimwishlist:item=2826850739&perks=1840239774,3230963543,3523296417,691659142 
dimwishlist:item=2826850739&perks=1840239774,3230963543,880644845,365154968 
dimwishlist:item=2826850739&perks=1840239774,3230963543,880644845,3891536761 
dimwishlist:item=2826850739&perks=1840239774,3230963543,880644845,95528736 
dimwishlist:item=2826850739&perks=1840239774,3230963543,880644845,3425386926 
dimwishlist:item=2826850739&perks=1840239774,3230963543,880644845,4082225868 
dimwishlist:item=2826850739&perks=1840239774,3230963543,880644845,2319119708 
dimwishlist:item=2826850739&perks=1840239774,3230963543,880644845,691659142 
dimwishlist:item=2826850739&perks=1840239774,3230963543,4071163871,365154968 
dimwishlist:item=2826850739&perks=1840239774,3230963543,4071163871,3891536761 
dimwishlist:item=2826850739&perks=1840239774,3230963543,4071163871,95528736 
dimwishlist:item=2826850739&perks=1840239774,3230963543,4071163871,3425386926 
dimwishlist:item=2826850739&perks=1840239774,3230963543,4071163871,4082225868 
dimwishlist:item=2826850739&perks=1840239774,3230963543,4071163871,2319119708 
dimwishlist:item=2826850739&perks=1840239774,3230963543,4071163871,691659142 
dimwishlist:item=2826850739&perks=1482024992,1087426260,2779035018,365154968 
dimwishlist:item=2826850739&perks=1482024992,1087426260,2779035018,3891536761 
dimwishlist:item=2826850739&perks=1482024992,1087426260,2779035018,95528736 
dimwishlist:item=2826850739&perks=1482024992,1087426260,2779035018,3425386926 
dimwishlist:item=2826850739&perks=1482024992,1087426260,2779035018,4082225868 
dimwishlist:item=2826850739&perks=1482024992,1087426260,2779035018,2319119708 
dimwishlist:item=2826850739&perks=1482024992,1087426260,2779035018,691659142 
dimwishlist:item=2826850739&perks=1482024992,1087426260,3619207468,365154968 
dimwishlist:item=2826850739&perks=1482024992,1087426260,3619207468,3891536761 
dimwishlist:item=2826850739&perks=1482024992,1087426260,3619207468,95528736 
dimwishlist:item=2826850739&perks=1482024992,1087426260,3619207468,3425386926 
dimwishlist:item=2826850739&perks=1482024992,1087426260,3619207468,4082225868 
dimwishlist:item=2826850739&perks=1482024992,1087426260,3619207468,2319119708 
dimwishlist:item=2826850739&perks=1482024992,1087426260,3619207468,691659142 
dimwishlist:item=2826850739&perks=1482024992,1087426260,3523296417,365154968 
dimwishlist:item=2826850739&perks=1482024992,1087426260,3523296417,3891536761 
dimwishlist:item=2826850739&perks=1482024992,1087426260,3523296417,95528736 
dimwishlist:item=2826850739&perks=1482024992,1087426260,3523296417,3425386926 
dimwishlist:item=2826850739&perks=1482024992,1087426260,3523296417,4082225868 
dimwishlist:item=2826850739&perks=1482024992,1087426260,3523296417,2319119708 
dimwishlist:item=2826850739&perks=1482024992,1087426260,3523296417,691659142 
dimwishlist:item=2826850739&perks=1482024992,1087426260,880644845,365154968 
dimwishlist:item=2826850739&perks=1482024992,1087426260,880644845,3891536761 
dimwishlist:item=2826850739&perks=1482024992,1087426260,880644845,95528736 
dimwishlist:item=2826850739&perks=1482024992,1087426260,880644845,3425386926 
dimwishlist:item=2826850739&perks=1482024992,1087426260,880644845,4082225868 
dimwishlist:item=2826850739&perks=1482024992,1087426260,880644845,2319119708 
dimwishlist:item=2826850739&perks=1482024992,1087426260,880644845,691659142 
dimwishlist:item=2826850739&perks=1482024992,1087426260,4071163871,365154968 
dimwishlist:item=2826850739&perks=1482024992,1087426260,4071163871,3891536761 
dimwishlist:item=2826850739&perks=1482024992,1087426260,4071163871,95528736 
dimwishlist:item=2826850739&perks=1482024992,1087426260,4071163871,3425386926 
dimwishlist:item=2826850739&perks=1482024992,1087426260,4071163871,4082225868 
dimwishlist:item=2826850739&perks=1482024992,1087426260,4071163871,2319119708 
dimwishlist:item=2826850739&perks=1482024992,1087426260,4071163871,691659142 
dimwishlist:item=2826850739&perks=1482024992,1968497646,2779035018,365154968 
dimwishlist:item=2826850739&perks=1482024992,1968497646,2779035018,3891536761 
dimwishlist:item=2826850739&perks=1482024992,1968497646,2779035018,95528736 
dimwishlist:item=2826850739&perks=1482024992,1968497646,2779035018,3425386926 
dimwishlist:item=2826850739&perks=1482024992,1968497646,2779035018,4082225868 
dimwishlist:item=2826850739&perks=1482024992,1968497646,2779035018,2319119708 
dimwishlist:item=2826850739&perks=1482024992,1968497646,2779035018,691659142 
dimwishlist:item=2826850739&perks=1482024992,1968497646,3619207468,365154968 
dimwishlist:item=2826850739&perks=1482024992,1968497646,3619207468,3891536761 
dimwishlist:item=2826850739&perks=1482024992,1968497646,3619207468,95528736 
dimwishlist:item=2826850739&perks=1482024992,1968497646,3619207468,3425386926 
dimwishlist:item=2826850739&perks=1482024992,1968497646,3619207468,4082225868 
dimwishlist:item=2826850739&perks=1482024992,1968497646,3619207468,2319119708 
dimwishlist:item=2826850739&perks=1482024992,1968497646,3619207468,691659142 
dimwishlist:item=2826850739&perks=1482024992,1968497646,3523296417,365154968 
dimwishlist:item=2826850739&perks=1482024992,1968497646,3523296417,3891536761 
dimwishlist:item=2826850739&perks=1482024992,1968497646,3523296417,95528736 
dimwishlist:item=2826850739&perks=1482024992,1968497646,3523296417,3425386926 
dimwishlist:item=2826850739&perks=1482024992,1968497646,3523296417,4082225868 
dimwishlist:item=2826850739&perks=1482024992,1968497646,3523296417,2319119708 
dimwishlist:item=2826850739&perks=1482024992,1968497646,3523296417,691659142 
dimwishlist:item=2826850739&perks=1482024992,1968497646,880644845,365154968 
dimwishlist:item=2826850739&perks=1482024992,1968497646,880644845,3891536761 
dimwishlist:item=2826850739&perks=1482024992,1968497646,880644845,95528736 
dimwishlist:item=2826850739&perks=1482024992,1968497646,880644845,3425386926 
dimwishlist:item=2826850739&perks=1482024992,1968497646,880644845,4082225868 
dimwishlist:item=2826850739&perks=1482024992,1968497646,880644845,2319119708 
dimwishlist:item=2826850739&perks=1482024992,1968497646,880644845,691659142 
dimwishlist:item=2826850739&perks=1482024992,1968497646,4071163871,365154968 
dimwishlist:item=2826850739&perks=1482024992,1968497646,4071163871,3891536761 
dimwishlist:item=2826850739&perks=1482024992,1968497646,4071163871,95528736 
dimwishlist:item=2826850739&perks=1482024992,1968497646,4071163871,3425386926 
dimwishlist:item=2826850739&perks=1482024992,1968497646,4071163871,4082225868 
dimwishlist:item=2826850739&perks=1482024992,1968497646,4071163871,2319119708 
dimwishlist:item=2826850739&perks=1482024992,1968497646,4071163871,691659142 
dimwishlist:item=2826850739&perks=1482024992,3230963543,2779035018,365154968 
dimwishlist:item=2826850739&perks=1482024992,3230963543,2779035018,3891536761 
dimwishlist:item=2826850739&perks=1482024992,3230963543,2779035018,95528736 
dimwishlist:item=2826850739&perks=1482024992,3230963543,2779035018,3425386926 
dimwishlist:item=2826850739&perks=1482024992,3230963543,2779035018,4082225868 
dimwishlist:item=2826850739&perks=1482024992,3230963543,2779035018,2319119708 
dimwishlist:item=2826850739&perks=1482024992,3230963543,2779035018,691659142 
dimwishlist:item=2826850739&perks=1482024992,3230963543,3619207468,365154968 
dimwishlist:item=2826850739&perks=1482024992,3230963543,3619207468,3891536761 
dimwishlist:item=2826850739&perks=1482024992,3230963543,3619207468,95528736 
dimwishlist:item=2826850739&perks=1482024992,3230963543,3619207468,3425386926 
dimwishlist:item=2826850739&perks=1482024992,3230963543,3619207468,4082225868 
dimwishlist:item=2826850739&perks=1482024992,3230963543,3619207468,2319119708 
dimwishlist:item=2826850739&perks=1482024992,3230963543,3619207468,691659142 
dimwishlist:item=2826850739&perks=1482024992,3230963543,3523296417,365154968 
dimwishlist:item=2826850739&perks=1482024992,3230963543,3523296417,3891536761 
dimwishlist:item=2826850739&perks=1482024992,3230963543,3523296417,95528736 
dimwishlist:item=2826850739&perks=1482024992,3230963543,3523296417,3425386926 
dimwishlist:item=2826850739&perks=1482024992,3230963543,3523296417,4082225868 
dimwishlist:item=2826850739&perks=1482024992,3230963543,3523296417,2319119708 
dimwishlist:item=2826850739&perks=1482024992,3230963543,3523296417,691659142 
dimwishlist:item=2826850739&perks=1482024992,3230963543,880644845,365154968 
dimwishlist:item=2826850739&perks=1482024992,3230963543,880644845,3891536761 
dimwishlist:item=2826850739&perks=1482024992,3230963543,880644845,95528736 
dimwishlist:item=2826850739&perks=1482024992,3230963543,880644845,3425386926 
dimwishlist:item=2826850739&perks=1482024992,3230963543,880644845,4082225868 
dimwishlist:item=2826850739&perks=1482024992,3230963543,880644845,2319119708 
dimwishlist:item=2826850739&perks=1482024992,3230963543,880644845,691659142 
dimwishlist:item=2826850739&perks=1482024992,3230963543,4071163871,365154968 
dimwishlist:item=2826850739&perks=1482024992,3230963543,4071163871,3891536761 
dimwishlist:item=2826850739&perks=1482024992,3230963543,4071163871,95528736 
dimwishlist:item=2826850739&perks=1482024992,3230963543,4071163871,3425386926 
dimwishlist:item=2826850739&perks=1482024992,3230963543,4071163871,4082225868 
dimwishlist:item=2826850739&perks=1482024992,3230963543,4071163871,2319119708 
dimwishlist:item=2826850739&perks=1482024992,3230963543,4071163871,691659142 
dimwishlist:item=2826850739&perks=4090651448,1087426260,2779035018,365154968 
dimwishlist:item=2826850739&perks=4090651448,1087426260,2779035018,3891536761 
dimwishlist:item=2826850739&perks=4090651448,1087426260,2779035018,95528736 
dimwishlist:item=2826850739&perks=4090651448,1087426260,2779035018,3425386926 
dimwishlist:item=2826850739&perks=4090651448,1087426260,2779035018,4082225868 
dimwishlist:item=2826850739&perks=4090651448,1087426260,2779035018,2319119708 
dimwishlist:item=2826850739&perks=4090651448,1087426260,2779035018,691659142 
dimwishlist:item=2826850739&perks=4090651448,1087426260,3619207468,365154968 
dimwishlist:item=2826850739&perks=4090651448,1087426260,3619207468,3891536761 
dimwishlist:item=2826850739&perks=4090651448,1087426260,3619207468,95528736 
dimwishlist:item=2826850739&perks=4090651448,1087426260,3619207468,3425386926 
dimwishlist:item=2826850739&perks=4090651448,1087426260,3619207468,4082225868 
dimwishlist:item=2826850739&perks=4090651448,1087426260,3619207468,2319119708 
dimwishlist:item=2826850739&perks=4090651448,1087426260,3619207468,691659142 
dimwishlist:item=2826850739&perks=4090651448,1087426260,3523296417,365154968 
dimwishlist:item=2826850739&perks=4090651448,1087426260,3523296417,3891536761 
dimwishlist:item=2826850739&perks=4090651448,1087426260,3523296417,95528736 
dimwishlist:item=2826850739&perks=4090651448,1087426260,3523296417,3425386926 
dimwishlist:item=2826850739&perks=4090651448,1087426260,3523296417,4082225868 
dimwishlist:item=2826850739&perks=4090651448,1087426260,3523296417,2319119708 
dimwishlist:item=2826850739&perks=4090651448,1087426260,3523296417,691659142 
dimwishlist:item=2826850739&perks=4090651448,1087426260,880644845,365154968 
dimwishlist:item=2826850739&perks=4090651448,1087426260,880644845,3891536761 
dimwishlist:item=2826850739&perks=4090651448,1087426260,880644845,95528736 
dimwishlist:item=2826850739&perks=4090651448,1087426260,880644845,3425386926 
dimwishlist:item=2826850739&perks=4090651448,1087426260,880644845,4082225868 
dimwishlist:item=2826850739&perks=4090651448,1087426260,880644845,2319119708 
dimwishlist:item=2826850739&perks=4090651448,1087426260,880644845,691659142 
dimwishlist:item=2826850739&perks=4090651448,1087426260,4071163871,365154968 
dimwishlist:item=2826850739&perks=4090651448,1087426260,4071163871,3891536761 
dimwishlist:item=2826850739&perks=4090651448,1087426260,4071163871,95528736 
dimwishlist:item=2826850739&perks=4090651448,1087426260,4071163871,3425386926 
dimwishlist:item=2826850739&perks=4090651448,1087426260,4071163871,4082225868 
dimwishlist:item=2826850739&perks=4090651448,1087426260,4071163871,2319119708 
dimwishlist:item=2826850739&perks=4090651448,1087426260,4071163871,691659142 
dimwishlist:item=2826850739&perks=4090651448,1968497646,2779035018,365154968 
dimwishlist:item=2826850739&perks=4090651448,1968497646,2779035018,3891536761 
dimwishlist:item=2826850739&perks=4090651448,1968497646,2779035018,95528736 
dimwishlist:item=2826850739&perks=4090651448,1968497646,2779035018,3425386926 
dimwishlist:item=2826850739&perks=4090651448,1968497646,2779035018,4082225868 
dimwishlist:item=2826850739&perks=4090651448,1968497646,2779035018,2319119708 
dimwishlist:item=2826850739&perks=4090651448,1968497646,2779035018,691659142 
dimwishlist:item=2826850739&perks=4090651448,1968497646,3619207468,365154968 
dimwishlist:item=2826850739&perks=4090651448,1968497646,3619207468,3891536761 
dimwishlist:item=2826850739&perks=4090651448,1968497646,3619207468,95528736 
dimwishlist:item=2826850739&perks=4090651448,1968497646,3619207468,3425386926 
dimwishlist:item=2826850739&perks=4090651448,1968497646,3619207468,4082225868 
dimwishlist:item=2826850739&perks=4090651448,1968497646,3619207468,2319119708 
dimwishlist:item=2826850739&perks=4090651448,1968497646,3619207468,691659142 
dimwishlist:item=2826850739&perks=4090651448,1968497646,3523296417,365154968 
dimwishlist:item=2826850739&perks=4090651448,1968497646,3523296417,3891536761 
dimwishlist:item=2826850739&perks=4090651448,1968497646,3523296417,95528736 
dimwishlist:item=2826850739&perks=4090651448,1968497646,3523296417,3425386926 
dimwishlist:item=2826850739&perks=4090651448,1968497646,3523296417,4082225868 
dimwishlist:item=2826850739&perks=4090651448,1968497646,3523296417,2319119708 
dimwishlist:item=2826850739&perks=4090651448,1968497646,3523296417,691659142 
dimwishlist:item=2826850739&perks=4090651448,1968497646,880644845,365154968 
dimwishlist:item=2826850739&perks=4090651448,1968497646,880644845,3891536761 
dimwishlist:item=2826850739&perks=4090651448,1968497646,880644845,95528736 
dimwishlist:item=2826850739&perks=4090651448,1968497646,880644845,3425386926 
dimwishlist:item=2826850739&perks=4090651448,1968497646,880644845,4082225868 
dimwishlist:item=2826850739&perks=4090651448,1968497646,880644845,2319119708 
dimwishlist:item=2826850739&perks=4090651448,1968497646,880644845,691659142 
dimwishlist:item=2826850739&perks=4090651448,1968497646,4071163871,365154968 
dimwishlist:item=2826850739&perks=4090651448,1968497646,4071163871,3891536761 
dimwishlist:item=2826850739&perks=4090651448,1968497646,4071163871,95528736 
dimwishlist:item=2826850739&perks=4090651448,1968497646,4071163871,3425386926 
dimwishlist:item=2826850739&perks=4090651448,1968497646,4071163871,4082225868 
dimwishlist:item=2826850739&perks=4090651448,1968497646,4071163871,2319119708 
dimwishlist:item=2826850739&perks=4090651448,1968497646,4071163871,691659142 
dimwishlist:item=2826850739&perks=4090651448,3230963543,2779035018,365154968 
dimwishlist:item=2826850739&perks=4090651448,3230963543,2779035018,3891536761 
dimwishlist:item=2826850739&perks=4090651448,3230963543,2779035018,95528736 
dimwishlist:item=2826850739&perks=4090651448,3230963543,2779035018,3425386926 
dimwishlist:item=2826850739&perks=4090651448,3230963543,2779035018,4082225868 
dimwishlist:item=2826850739&perks=4090651448,3230963543,2779035018,2319119708 
dimwishlist:item=2826850739&perks=4090651448,3230963543,2779035018,691659142 
dimwishlist:item=2826850739&perks=4090651448,3230963543,3619207468,365154968 
dimwishlist:item=2826850739&perks=4090651448,3230963543,3619207468,3891536761 
dimwishlist:item=2826850739&perks=4090651448,3230963543,3619207468,95528736 
dimwishlist:item=2826850739&perks=4090651448,3230963543,3619207468,3425386926 
dimwishlist:item=2826850739&perks=4090651448,3230963543,3619207468,4082225868 
dimwishlist:item=2826850739&perks=4090651448,3230963543,3619207468,2319119708 
dimwishlist:item=2826850739&perks=4090651448,3230963543,3619207468,691659142 
dimwishlist:item=2826850739&perks=4090651448,3230963543,3523296417,365154968 
dimwishlist:item=2826850739&perks=4090651448,3230963543,3523296417,3891536761 
dimwishlist:item=2826850739&perks=4090651448,3230963543,3523296417,95528736 
dimwishlist:item=2826850739&perks=4090651448,3230963543,3523296417,3425386926 
dimwishlist:item=2826850739&perks=4090651448,3230963543,3523296417,4082225868 
dimwishlist:item=2826850739&perks=4090651448,3230963543,3523296417,2319119708 
dimwishlist:item=2826850739&perks=4090651448,3230963543,3523296417,691659142 
dimwishlist:item=2826850739&perks=4090651448,3230963543,880644845,365154968 
dimwishlist:item=2826850739&perks=4090651448,3230963543,880644845,3891536761 
dimwishlist:item=2826850739&perks=4090651448,3230963543,880644845,95528736 
dimwishlist:item=2826850739&perks=4090651448,3230963543,880644845,3425386926 
dimwishlist:item=2826850739&perks=4090651448,3230963543,880644845,4082225868 
dimwishlist:item=2826850739&perks=4090651448,3230963543,880644845,2319119708 
dimwishlist:item=2826850739&perks=4090651448,3230963543,880644845,691659142 
dimwishlist:item=2826850739&perks=4090651448,3230963543,4071163871,365154968 
dimwishlist:item=2826850739&perks=4090651448,3230963543,4071163871,3891536761 
dimwishlist:item=2826850739&perks=4090651448,3230963543,4071163871,95528736 
dimwishlist:item=2826850739&perks=4090651448,3230963543,4071163871,3425386926 
dimwishlist:item=2826850739&perks=4090651448,3230963543,4071163871,4082225868 
dimwishlist:item=2826850739&perks=4090651448,3230963543,4071163871,2319119708 
dimwishlist:item=2826850739&perks=4090651448,3230963543,4071163871,691659142 
//notes: Junk
dimwishlist:item=-2826850739


//Line in the Sand (Season 24)
//notes: (PvE): Arrowhead/Fluted - Accelerated/Enhanced - Rapid/Clown - Bait/Firing; Masterwork: Charge Time
dimwishlist:item=2450049485&perks=839105230,689005463,247725512,3078487919 
dimwishlist:item=2450049485&perks=839105230,689005463,247725512,1771339417 
dimwishlist:item=2450049485&perks=839105230,689005463,2284787283,3078487919 
dimwishlist:item=2450049485&perks=839105230,689005463,2284787283,1771339417 
dimwishlist:item=2450049485&perks=839105230,2680121939,247725512,3078487919 
dimwishlist:item=2450049485&perks=839105230,2680121939,247725512,1771339417 
dimwishlist:item=2450049485&perks=839105230,2680121939,2284787283,3078487919 
dimwishlist:item=2450049485&perks=839105230,2680121939,2284787283,1771339417 
dimwishlist:item=2450049485&perks=1840239774,689005463,247725512,3078487919 
dimwishlist:item=2450049485&perks=1840239774,689005463,247725512,1771339417 
dimwishlist:item=2450049485&perks=1840239774,689005463,2284787283,3078487919 
dimwishlist:item=2450049485&perks=1840239774,689005463,2284787283,1771339417 
dimwishlist:item=2450049485&perks=1840239774,2680121939,247725512,3078487919 
dimwishlist:item=2450049485&perks=1840239774,2680121939,247725512,1771339417 
dimwishlist:item=2450049485&perks=1840239774,2680121939,2284787283,3078487919 
dimwishlist:item=2450049485&perks=1840239774,2680121939,2284787283,1771339417 
//notes: (PvP): Ignore for PvP
//notes: Junk
dimwishlist:item=-2450049485


//Ergo Sum (Season 24)
//notes: (PvE): GOD ROLL!!! The Perfect Fifth - Jagged Blade - Swordmaster's Guard - Caster Frame 
dimwishlist:item=1681583613&perks=3666208348,269888150,519046634,1522566605
//notes: (PvE): Pack Hunter - Jagged - Swordmaster's - Light/Wave Frame 
dimwishlist:item=1681583613&perks=3666208348,269888150,2753228730,1959135343
dimwishlist:item=1681583613&perks=3666208348,269888150,289811733,1959135343
dimwishlist:item=1681583613&perks=3666208348,269888150,1726251414,1959135343
//notes: (PvE): Arc Conductor - Hungry/Tempered - Swordmaster's - Lightweight Frame
dimwishlist:item=1681583613&perks=436053704,269888150,2753228730,3949068808
dimwishlist:item=1681583613&perks=938542991,269888150,2753228730,3949068808
//notes: (PvE): Unplanned Repreve - Hungry/Tempered - Swordmaster's - Lightweight Frame
dimwishlist:item=1681583613&perks=436053704,269888150,2753228730,1327961177
dimwishlist:item=1681583613&perks=938542991,269888150,2753228730,1327961177
//notes: (PvE): Sacred Flame - Hungry/Tempered - Swordmaster's - Lightweight Frame
dimwishlist:item=1681583613&perks=436053704,269888150,2753228730,3034060702
dimwishlist:item=1681583613&perks=938542991,269888150,2753228730,3034060702
//notes: Junk
dimwishlist:item=-1681583613


//Pro Memoria (Season 24)
//notes: (PvE): Arrowhead Brake - Appended Mag - Reconstruct/Envious - Bait/Lock/Frenzy; Masterwork: Handling
dimwishlist:item=3605603507&perks=839105230,1087426260,1523832109,3078487919 
dimwishlist:item=3605603507&perks=839105230,1087426260,1523832109,365154968 
dimwishlist:item=3605603507&perks=839105230,1087426260,1523832109,4104185692 
dimwishlist:item=3605603507&perks=839105230,1087426260,968510818,3078487919 
dimwishlist:item=3605603507&perks=839105230,1087426260,968510818,365154968 
dimwishlist:item=3605603507&perks=839105230,1087426260,968510818,4104185692 
//Pro Memoria (Season 24)
//notes: (PvP): Arrowhead Brake - Ricochet Rounds - Hatch/Demo/Strat - Tap/Dragon; Masterwork: Range or Stability
dimwishlist:item=3605603507&perks=839105230,1885400500,831391274,1890422124 
dimwishlist:item=3605603507&perks=839105230,1885400500,831391274,2848615171 
dimwishlist:item=3605603507&perks=839105230,1885400500,3523296417,1890422124 
dimwishlist:item=3605603507&perks=839105230,1885400500,3523296417,2848615171 
dimwishlist:item=3605603507&perks=839105230,1885400500,880644845,1890422124 
dimwishlist:item=3605603507&perks=839105230,1885400500,880644845,2848615171 
//notes: Junk
dimwishlist:item=-3605603507


//Controlling Vision (Season 24)
//notes: (PvP): Hammer/Small/Fluted - Ricochet/High-Calibur - Fragile/Slide/Slick - Offhand/Threat/Pressure; Masterwork: Range or Stability
dimwishlist:item=423343404&perks=3250034553,1885400500,2451262963,2416023159 
dimwishlist:item=423343404&perks=3250034553,1885400500,2451262963,4071163871 
dimwishlist:item=423343404&perks=3250034553,1885400500,2451262963,1645158859 
dimwishlist:item=423343404&perks=3250034553,1885400500,2039302152,2416023159 
dimwishlist:item=423343404&perks=3250034553,1885400500,2039302152,4071163871 
dimwishlist:item=423343404&perks=3250034553,1885400500,2039302152,1645158859 
dimwishlist:item=423343404&perks=3250034553,1885400500,1821614984,2416023159 
dimwishlist:item=423343404&perks=3250034553,1885400500,1821614984,4071163871 
dimwishlist:item=423343404&perks=3250034553,1885400500,1821614984,1645158859 
dimwishlist:item=423343404&perks=3250034553,1561002382,2451262963,2416023159 
dimwishlist:item=423343404&perks=3250034553,1561002382,2451262963,4071163871 
dimwishlist:item=423343404&perks=3250034553,1561002382,2451262963,1645158859 
dimwishlist:item=423343404&perks=3250034553,1561002382,2039302152,2416023159 
dimwishlist:item=423343404&perks=3250034553,1561002382,2039302152,4071163871 
dimwishlist:item=423343404&perks=3250034553,1561002382,2039302152,1645158859 
dimwishlist:item=423343404&perks=3250034553,1561002382,1821614984,2416023159 
dimwishlist:item=423343404&perks=3250034553,1561002382,1821614984,4071163871 
dimwishlist:item=423343404&perks=3250034553,1561002382,1821614984,1645158859 
dimwishlist:item=423343404&perks=1482024992,1885400500,2451262963,2416023159 
dimwishlist:item=423343404&perks=1482024992,1885400500,2451262963,4071163871 
dimwishlist:item=423343404&perks=1482024992,1885400500,2451262963,1645158859 
dimwishlist:item=423343404&perks=1482024992,1885400500,2039302152,2416023159 
dimwishlist:item=423343404&perks=1482024992,1885400500,2039302152,4071163871 
dimwishlist:item=423343404&perks=1482024992,1885400500,2039302152,1645158859 
dimwishlist:item=423343404&perks=1482024992,1885400500,1821614984,2416023159 
dimwishlist:item=423343404&perks=1482024992,1885400500,1821614984,4071163871 
dimwishlist:item=423343404&perks=1482024992,1885400500,1821614984,1645158859 
dimwishlist:item=423343404&perks=1482024992,1561002382,2451262963,2416023159 
dimwishlist:item=423343404&perks=1482024992,1561002382,2451262963,4071163871 
dimwishlist:item=423343404&perks=1482024992,1561002382,2451262963,1645158859 
dimwishlist:item=423343404&perks=1482024992,1561002382,2039302152,2416023159 
dimwishlist:item=423343404&perks=1482024992,1561002382,2039302152,4071163871 
dimwishlist:item=423343404&perks=1482024992,1561002382,2039302152,1645158859 
dimwishlist:item=423343404&perks=1482024992,1561002382,1821614984,2416023159 
dimwishlist:item=423343404&perks=1482024992,1561002382,1821614984,4071163871 
dimwishlist:item=423343404&perks=1482024992,1561002382,1821614984,1645158859 
dimwishlist:item=423343404&perks=1840239774,1885400500,2451262963,2416023159 
dimwishlist:item=423343404&perks=1840239774,1885400500,2451262963,4071163871 
dimwishlist:item=423343404&perks=1840239774,1885400500,2451262963,1645158859 
dimwishlist:item=423343404&perks=1840239774,1885400500,2039302152,2416023159 
dimwishlist:item=423343404&perks=1840239774,1885400500,2039302152,4071163871 
dimwishlist:item=423343404&perks=1840239774,1885400500,2039302152,1645158859 
dimwishlist:item=423343404&perks=1840239774,1885400500,1821614984,2416023159 
dimwishlist:item=423343404&perks=1840239774,1885400500,1821614984,4071163871 
dimwishlist:item=423343404&perks=1840239774,1885400500,1821614984,1645158859 
dimwishlist:item=423343404&perks=1840239774,1561002382,2451262963,2416023159 
dimwishlist:item=423343404&perks=1840239774,1561002382,2451262963,4071163871 
dimwishlist:item=423343404&perks=1840239774,1561002382,2451262963,1645158859 
dimwishlist:item=423343404&perks=1840239774,1561002382,2039302152,2416023159 
dimwishlist:item=423343404&perks=1840239774,1561002382,2039302152,4071163871 
dimwishlist:item=423343404&perks=1840239774,1561002382,2039302152,1645158859 
dimwishlist:item=423343404&perks=1840239774,1561002382,1821614984,2416023159 
dimwishlist:item=423343404&perks=1840239774,1561002382,1821614984,4071163871 
dimwishlist:item=423343404&perks=1840239774,1561002382,1821614984,1645158859 
//notes: (PvE): Fluted/Cork/Small - Appended/Armor/Flared - Slideways - Osmosis/Surrounded; Masterwork: Reload
dimwishlist:item=423343404&perks=1840239774,1087426260,2039302152,1774574192 
dimwishlist:item=423343404&perks=1840239774,1087426260,2039302152,3708227201 
dimwishlist:item=423343404&perks=1840239774,1968497646,2039302152,1774574192 
dimwishlist:item=423343404&perks=1840239774,1968497646,2039302152,3708227201 
dimwishlist:item=423343404&perks=1840239774,3230963543,2039302152,1774574192 
dimwishlist:item=423343404&perks=1840239774,3230963543,2039302152,3708227201 
dimwishlist:item=423343404&perks=4090651448,1087426260,2039302152,1774574192 
dimwishlist:item=423343404&perks=4090651448,1087426260,2039302152,3708227201 
dimwishlist:item=423343404&perks=4090651448,1968497646,2039302152,1774574192 
dimwishlist:item=423343404&perks=4090651448,1968497646,2039302152,3708227201 
dimwishlist:item=423343404&perks=4090651448,3230963543,2039302152,1774574192 
dimwishlist:item=423343404&perks=4090651448,3230963543,2039302152,3708227201 
dimwishlist:item=423343404&perks=1482024992,1087426260,2039302152,1774574192 
dimwishlist:item=423343404&perks=1482024992,1087426260,2039302152,3708227201 
dimwishlist:item=423343404&perks=1482024992,1968497646,2039302152,1774574192 
dimwishlist:item=423343404&perks=1482024992,1968497646,2039302152,3708227201 
dimwishlist:item=423343404&perks=1482024992,3230963543,2039302152,1774574192 
dimwishlist:item=423343404&perks=1482024992,3230963543,2039302152,3708227201 
//notes: junk
dimwishlist:item=-423343404


//Patron of Lost Causes (Season 24)
//notes: (PvP): Arrowhead/Chambered - Steady/Accurized - Rapid/Pain/Strategist - Precision/Explosive; Masterwork: Range or Stability
dimwishlist:item=2249996761&perks=839105230,3177308360,247725512,555281244 
dimwishlist:item=2249996761&perks=839105230,3177308360,247725512,3038247973 
dimwishlist:item=2249996761&perks=839105230,3177308360,3938834702,555281244 
dimwishlist:item=2249996761&perks=839105230,3177308360,3938834702,3038247973 
dimwishlist:item=2249996761&perks=839105230,3177308360,880644845,555281244 
dimwishlist:item=2249996761&perks=839105230,3177308360,880644845,3038247973 
dimwishlist:item=2249996761&perks=839105230,3142289711,247725512,555281244 
dimwishlist:item=2249996761&perks=839105230,3142289711,247725512,3038247973 
dimwishlist:item=2249996761&perks=839105230,3142289711,3938834702,555281244 
dimwishlist:item=2249996761&perks=839105230,3142289711,3938834702,3038247973 
dimwishlist:item=2249996761&perks=839105230,3142289711,880644845,555281244 
dimwishlist:item=2249996761&perks=839105230,3142289711,880644845,3038247973 
dimwishlist:item=2249996761&perks=3661387068,3177308360,247725512,555281244 
dimwishlist:item=2249996761&perks=3661387068,3177308360,247725512,3038247973 
dimwishlist:item=2249996761&perks=3661387068,3177308360,3938834702,555281244 
dimwishlist:item=2249996761&perks=3661387068,3177308360,3938834702,3038247973 
dimwishlist:item=2249996761&perks=3661387068,3177308360,880644845,555281244 
dimwishlist:item=2249996761&perks=3661387068,3177308360,880644845,3038247973 
dimwishlist:item=2249996761&perks=3661387068,3142289711,247725512,555281244 
dimwishlist:item=2249996761&perks=3661387068,3142289711,247725512,3038247973 
dimwishlist:item=2249996761&perks=3661387068,3142289711,3938834702,555281244 
dimwishlist:item=2249996761&perks=3661387068,3142289711,3938834702,3038247973 
dimwishlist:item=2249996761&perks=3661387068,3142289711,880644845,555281244 
dimwishlist:item=2249996761&perks=3661387068,3142289711,880644845,3038247973 
dimwishlist:item=2249996761&perks=1392496348,3177308360,247725512,555281244 
dimwishlist:item=2249996761&perks=1392496348,3177308360,247725512,3038247973 
dimwishlist:item=2249996761&perks=1392496348,3177308360,3938834702,555281244 
dimwishlist:item=2249996761&perks=1392496348,3177308360,3938834702,3038247973 
dimwishlist:item=2249996761&perks=1392496348,3177308360,880644845,555281244 
dimwishlist:item=2249996761&perks=1392496348,3177308360,880644845,3038247973 
dimwishlist:item=2249996761&perks=1392496348,3142289711,247725512,555281244 
dimwishlist:item=2249996761&perks=1392496348,3142289711,247725512,3038247973 
dimwishlist:item=2249996761&perks=1392496348,3142289711,3938834702,555281244 
dimwishlist:item=2249996761&perks=1392496348,3142289711,3938834702,3038247973 
dimwishlist:item=2249996761&perks=1392496348,3142289711,880644845,555281244 
dimwishlist:item=2249996761&perks=1392496348,3142289711,880644845,3038247973 
//notes: (PvE): Arrowhead/Fluted/Cork - Appended/Tac/Flared - Rapid/Triple - Kinetic/Payload/Precision; Masterwork: Stability or Reload
dimwishlist:item=2249996761&perks=839105230,1087426260,247725512,3891536761 
dimwishlist:item=2249996761&perks=839105230,1087426260,247725512,3038247973 
dimwishlist:item=2249996761&perks=839105230,1087426260,247725512,555281244 
dimwishlist:item=2249996761&perks=839105230,1087426260,3400784728,3891536761 
dimwishlist:item=2249996761&perks=839105230,1087426260,3400784728,3038247973 
dimwishlist:item=2249996761&perks=839105230,1087426260,3400784728,555281244 
dimwishlist:item=2249996761&perks=839105230,106909392,247725512,3891536761 
dimwishlist:item=2249996761&perks=839105230,106909392,247725512,3038247973 
dimwishlist:item=2249996761&perks=839105230,106909392,247725512,555281244 
dimwishlist:item=2249996761&perks=839105230,106909392,3400784728,3891536761 
dimwishlist:item=2249996761&perks=839105230,106909392,3400784728,3038247973 
dimwishlist:item=2249996761&perks=839105230,106909392,3400784728,555281244 
dimwishlist:item=2249996761&perks=839105230,3230963543,247725512,3891536761 
dimwishlist:item=2249996761&perks=839105230,3230963543,247725512,3038247973 
dimwishlist:item=2249996761&perks=839105230,3230963543,247725512,555281244 
dimwishlist:item=2249996761&perks=839105230,3230963543,3400784728,3891536761 
dimwishlist:item=2249996761&perks=839105230,3230963543,3400784728,3038247973 
dimwishlist:item=2249996761&perks=839105230,3230963543,3400784728,555281244 
dimwishlist:item=2249996761&perks=1840239774,1087426260,247725512,3891536761 
dimwishlist:item=2249996761&perks=1840239774,1087426260,247725512,3038247973 
dimwishlist:item=2249996761&perks=1840239774,1087426260,247725512,555281244 
dimwishlist:item=2249996761&perks=1840239774,1087426260,3400784728,3891536761 
dimwishlist:item=2249996761&perks=1840239774,1087426260,3400784728,3038247973 
dimwishlist:item=2249996761&perks=1840239774,1087426260,3400784728,555281244 
dimwishlist:item=2249996761&perks=1840239774,106909392,247725512,3891536761 
dimwishlist:item=2249996761&perks=1840239774,106909392,247725512,3038247973 
dimwishlist:item=2249996761&perks=1840239774,106909392,247725512,555281244 
dimwishlist:item=2249996761&perks=1840239774,106909392,3400784728,3891536761 
dimwishlist:item=2249996761&perks=1840239774,106909392,3400784728,3038247973 
dimwishlist:item=2249996761&perks=1840239774,106909392,3400784728,555281244 
dimwishlist:item=2249996761&perks=1840239774,3230963543,247725512,3891536761 
dimwishlist:item=2249996761&perks=1840239774,3230963543,247725512,3038247973 
dimwishlist:item=2249996761&perks=1840239774,3230963543,247725512,555281244 
dimwishlist:item=2249996761&perks=1840239774,3230963543,3400784728,3891536761 
dimwishlist:item=2249996761&perks=1840239774,3230963543,3400784728,3038247973 
dimwishlist:item=2249996761&perks=1840239774,3230963543,3400784728,555281244 
dimwishlist:item=2249996761&perks=4090651448,1087426260,247725512,3891536761 
dimwishlist:item=2249996761&perks=4090651448,1087426260,247725512,3038247973 
dimwishlist:item=2249996761&perks=4090651448,1087426260,247725512,555281244 
dimwishlist:item=2249996761&perks=4090651448,1087426260,3400784728,3891536761 
dimwishlist:item=2249996761&perks=4090651448,1087426260,3400784728,3038247973 
dimwishlist:item=2249996761&perks=4090651448,1087426260,3400784728,555281244 
dimwishlist:item=2249996761&perks=4090651448,106909392,247725512,3891536761 
dimwishlist:item=2249996761&perks=4090651448,106909392,247725512,3038247973 
dimwishlist:item=2249996761&perks=4090651448,106909392,247725512,555281244 
dimwishlist:item=2249996761&perks=4090651448,106909392,3400784728,3891536761 
dimwishlist:item=2249996761&perks=4090651448,106909392,3400784728,3038247973 
dimwishlist:item=2249996761&perks=4090651448,106909392,3400784728,555281244 
dimwishlist:item=2249996761&perks=4090651448,3230963543,247725512,3891536761 
dimwishlist:item=2249996761&perks=4090651448,3230963543,247725512,3038247973 
dimwishlist:item=2249996761&perks=4090651448,3230963543,247725512,555281244 
dimwishlist:item=2249996761&perks=4090651448,3230963543,3400784728,3891536761 
dimwishlist:item=2249996761&perks=4090651448,3230963543,3400784728,3038247973 
dimwishlist:item=2249996761&perks=4090651448,3230963543,3400784728,555281244 
dimwishlist:item=2249996761&perks=1482024992,1087426260,247725512,3891536761 
dimwishlist:item=2249996761&perks=1482024992,1087426260,247725512,3038247973 
dimwishlist:item=2249996761&perks=1482024992,1087426260,247725512,555281244 
dimwishlist:item=2249996761&perks=1482024992,1087426260,3400784728,3891536761 
dimwishlist:item=2249996761&perks=1482024992,1087426260,3400784728,3038247973 
dimwishlist:item=2249996761&perks=1482024992,1087426260,3400784728,555281244 
dimwishlist:item=2249996761&perks=1482024992,106909392,247725512,3891536761 
dimwishlist:item=2249996761&perks=1482024992,106909392,247725512,3038247973 
dimwishlist:item=2249996761&perks=1482024992,106909392,247725512,555281244 
dimwishlist:item=2249996761&perks=1482024992,106909392,3400784728,3891536761 
dimwishlist:item=2249996761&perks=1482024992,106909392,3400784728,3038247973 
dimwishlist:item=2249996761&perks=1482024992,106909392,3400784728,555281244 
dimwishlist:item=2249996761&perks=1482024992,3230963543,247725512,3891536761 
dimwishlist:item=2249996761&perks=1482024992,3230963543,247725512,3038247973 
dimwishlist:item=2249996761&perks=1482024992,3230963543,247725512,555281244 
dimwishlist:item=2249996761&perks=1482024992,3230963543,3400784728,3891536761 
dimwishlist:item=2249996761&perks=1482024992,3230963543,3400784728,3038247973 
dimwishlist:item=2249996761&perks=1482024992,3230963543,3400784728,555281244 
//notes: Junk
dimwishlist:item=-2249996761


//Breachlight (Season 24)
//notes: (PvP): Small/Cork/Poly - Accurized Rounds - Threat/Perpet - Desperate Measures; Masterwork: Stability
dimwishlist:item=2328923181&perks=1482024992,3142289711,4071163871,2109543898 
dimwishlist:item=2328923181&perks=1482024992,3142289711,1428297954,2109543898 
dimwishlist:item=2328923181&perks=4090651448,3142289711,4071163871,2109543898 
dimwishlist:item=2328923181&perks=4090651448,3142289711,1428297954,2109543898 
dimwishlist:item=2328923181&perks=1392496348,3142289711,4071163871,2109543898 
dimwishlist:item=2328923181&perks=1392496348,3142289711,1428297954,2109543898 
dimwishlist:item=2328923181&perks=1840239774,3142289711,4071163871,2109543898 
dimwishlist:item=2328923181&perks=1840239774,3142289711,1428297954,2109543898 
//notes: (PvE): Fluted/Arrowhead - Flared/Tactical - Pug/Demo/Slice - Swash/Adrenaline/Desperate/Hatch; Masterwork: Reload/Handling
dimwishlist:item=2328923181&perks=1840239774,3230963543,691659142,4082225868 
dimwishlist:item=2328923181&perks=1840239774,3230963543,691659142,11612903 
dimwishlist:item=2328923181&perks=1840239774,3230963543,691659142,2109543898 
dimwishlist:item=2328923181&perks=1840239774,3230963543,691659142,831391274 
dimwishlist:item=2328923181&perks=1840239774,3230963543,3523296417,4082225868 
dimwishlist:item=2328923181&perks=1840239774,3230963543,3523296417,11612903 
dimwishlist:item=2328923181&perks=1840239774,3230963543,3523296417,2109543898 
dimwishlist:item=2328923181&perks=1840239774,3230963543,3523296417,831391274 
dimwishlist:item=2328923181&perks=1840239774,3230963543,923806249,4082225868 
dimwishlist:item=2328923181&perks=1840239774,3230963543,923806249,11612903 
dimwishlist:item=2328923181&perks=1840239774,3230963543,923806249,2109543898 
dimwishlist:item=2328923181&perks=1840239774,3230963543,923806249,831391274 
dimwishlist:item=2328923181&perks=1840239774,106909392,691659142,4082225868 
dimwishlist:item=2328923181&perks=1840239774,106909392,691659142,11612903 
dimwishlist:item=2328923181&perks=1840239774,106909392,691659142,2109543898 
dimwishlist:item=2328923181&perks=1840239774,106909392,691659142,831391274 
dimwishlist:item=2328923181&perks=1840239774,106909392,3523296417,4082225868 
dimwishlist:item=2328923181&perks=1840239774,106909392,3523296417,11612903 
dimwishlist:item=2328923181&perks=1840239774,106909392,3523296417,2109543898 
dimwishlist:item=2328923181&perks=1840239774,106909392,3523296417,831391274 
dimwishlist:item=2328923181&perks=1840239774,106909392,923806249,4082225868 
dimwishlist:item=2328923181&perks=1840239774,106909392,923806249,11612903 
dimwishlist:item=2328923181&perks=1840239774,106909392,923806249,2109543898 
dimwishlist:item=2328923181&perks=1840239774,106909392,923806249,831391274 
dimwishlist:item=2328923181&perks=1840239774,1087426260,691659142,4082225868 
dimwishlist:item=2328923181&perks=1840239774,1087426260,691659142,11612903 
dimwishlist:item=2328923181&perks=1840239774,1087426260,691659142,2109543898 
dimwishlist:item=2328923181&perks=1840239774,1087426260,691659142,831391274 
dimwishlist:item=2328923181&perks=1840239774,1087426260,3523296417,4082225868 
dimwishlist:item=2328923181&perks=1840239774,1087426260,3523296417,11612903 
dimwishlist:item=2328923181&perks=1840239774,1087426260,3523296417,2109543898 
dimwishlist:item=2328923181&perks=1840239774,1087426260,3523296417,831391274 
dimwishlist:item=2328923181&perks=1840239774,1087426260,923806249,4082225868 
dimwishlist:item=2328923181&perks=1840239774,1087426260,923806249,11612903 
dimwishlist:item=2328923181&perks=1840239774,1087426260,923806249,2109543898 
dimwishlist:item=2328923181&perks=1840239774,1087426260,923806249,831391274 
dimwishlist:item=2328923181&perks=839105230,3230963543,691659142,4082225868 
dimwishlist:item=2328923181&perks=839105230,3230963543,691659142,11612903 
dimwishlist:item=2328923181&perks=839105230,3230963543,691659142,2109543898 
dimwishlist:item=2328923181&perks=839105230,3230963543,691659142,831391274 
dimwishlist:item=2328923181&perks=839105230,3230963543,3523296417,4082225868 
dimwishlist:item=2328923181&perks=839105230,3230963543,3523296417,11612903 
dimwishlist:item=2328923181&perks=839105230,3230963543,3523296417,2109543898 
dimwishlist:item=2328923181&perks=839105230,3230963543,3523296417,831391274 
dimwishlist:item=2328923181&perks=839105230,3230963543,923806249,4082225868 
dimwishlist:item=2328923181&perks=839105230,3230963543,923806249,11612903 
dimwishlist:item=2328923181&perks=839105230,3230963543,923806249,2109543898 
dimwishlist:item=2328923181&perks=839105230,3230963543,923806249,831391274 
dimwishlist:item=2328923181&perks=839105230,106909392,691659142,4082225868 
dimwishlist:item=2328923181&perks=839105230,106909392,691659142,11612903 
dimwishlist:item=2328923181&perks=839105230,106909392,691659142,2109543898 
dimwishlist:item=2328923181&perks=839105230,106909392,691659142,831391274 
dimwishlist:item=2328923181&perks=839105230,106909392,3523296417,4082225868 
dimwishlist:item=2328923181&perks=839105230,106909392,3523296417,11612903 
dimwishlist:item=2328923181&perks=839105230,106909392,3523296417,2109543898 
dimwishlist:item=2328923181&perks=839105230,106909392,3523296417,831391274 
dimwishlist:item=2328923181&perks=839105230,106909392,923806249,4082225868 
dimwishlist:item=2328923181&perks=839105230,106909392,923806249,11612903 
dimwishlist:item=2328923181&perks=839105230,106909392,923806249,2109543898 
dimwishlist:item=2328923181&perks=839105230,106909392,923806249,831391274 
dimwishlist:item=2328923181&perks=839105230,1087426260,691659142,4082225868 
dimwishlist:item=2328923181&perks=839105230,1087426260,691659142,11612903 
dimwishlist:item=2328923181&perks=839105230,1087426260,691659142,2109543898 
dimwishlist:item=2328923181&perks=839105230,1087426260,691659142,831391274 
dimwishlist:item=2328923181&perks=839105230,1087426260,3523296417,4082225868 
dimwishlist:item=2328923181&perks=839105230,1087426260,3523296417,11612903 
dimwishlist:item=2328923181&perks=839105230,1087426260,3523296417,2109543898 
dimwishlist:item=2328923181&perks=839105230,1087426260,3523296417,831391274 
dimwishlist:item=2328923181&perks=839105230,1087426260,923806249,4082225868 
dimwishlist:item=2328923181&perks=839105230,1087426260,923806249,11612903 
dimwishlist:item=2328923181&perks=839105230,1087426260,923806249,2109543898 
dimwishlist:item=2328923181&perks=839105230,1087426260,923806249,831391274 
//notes: Junk
dimwishlist:item=-2328923181

