// Retrofuturist
dimwishlist:item=1402766122&perks=1047830412,3142289711,706527188,2726471870

// Heritage
dimwishlist:item=-4248569242&perks=3108830275

// Trustee
//Preferred Rolls-------------------------------------------------------------
dimwishlist:item=1392919471&perks=839105230,3142289711,2450788523,47981717
dimwishlist:item=1392919471&perks=839105230,3142289711,2450788523,3592538738
dimwishlist:item=1392919471&perks=839105230,3142289711,2450788523,699525795
dimwishlist:item=1392919471&perks=839105230,3142289711,1523832109,47981717
dimwishlist:item=1392919471&perks=839105230,3142289711,1523832109,3592538738
dimwishlist:item=1392919471&perks=839105230,3142289711,1523832109,699525795
dimwishlist:item=1392919471&perks=839105230,3142289711,3436462433,47981717
dimwishlist:item=1392919471&perks=839105230,3142289711,3436462433,3592538738
dimwishlist:item=1392919471&perks=839105230,3142289711,3436462433,699525795
dimwishlist:item=1392919471&perks=839105230,3142289711,2387244414,47981717
dimwishlist:item=1392919471&perks=839105230,3142289711,2387244414,3592538738
dimwishlist:item=1392919471&perks=839105230,3142289711,2387244414,699525795
dimwishlist:item=1392919471&perks=839105230,3142289711,1168162263,47981717
dimwishlist:item=1392919471&perks=839105230,3142289711,1168162263,3592538738
dimwishlist:item=1392919471&perks=839105230,3142289711,1168162263,699525795
dimwishlist:item=1392919471&perks=839105230,106909392,2450788523,47981717
dimwishlist:item=1392919471&perks=839105230,106909392,2450788523,3592538738
dimwishlist:item=1392919471&perks=839105230,106909392,2450788523,699525795
dimwishlist:item=1392919471&perks=839105230,106909392,1523832109,47981717
dimwishlist:item=1392919471&perks=839105230,106909392,1523832109,3592538738
dimwishlist:item=1392919471&perks=839105230,106909392,1523832109,699525795
dimwishlist:item=1392919471&perks=839105230,106909392,3436462433,47981717
dimwishlist:item=1392919471&perks=839105230,106909392,3436462433,3592538738
dimwishlist:item=1392919471&perks=839105230,106909392,3436462433,699525795
dimwishlist:item=1392919471&perks=839105230,106909392,2387244414,47981717
dimwishlist:item=1392919471&perks=839105230,106909392,2387244414,3592538738
dimwishlist:item=1392919471&perks=839105230,106909392,2387244414,699525795
dimwishlist:item=1392919471&perks=839105230,106909392,1168162263,47981717
dimwishlist:item=1392919471&perks=839105230,106909392,1168162263,3592538738
dimwishlist:item=1392919471&perks=839105230,106909392,1168162263,699525795
dimwishlist:item=1392919471&perks=839105230,3230963543,2450788523,47981717
dimwishlist:item=1392919471&perks=839105230,3230963543,2450788523,3592538738
dimwishlist:item=1392919471&perks=839105230,3230963543,2450788523,699525795
dimwishlist:item=1392919471&perks=839105230,3230963543,1523832109,47981717
dimwishlist:item=1392919471&perks=839105230,3230963543,1523832109,3592538738
dimwishlist:item=1392919471&perks=839105230,3230963543,1523832109,699525795
dimwishlist:item=1392919471&perks=839105230,3230963543,3436462433,47981717
dimwishlist:item=1392919471&perks=839105230,3230963543,3436462433,3592538738
dimwishlist:item=1392919471&perks=839105230,3230963543,3436462433,699525795
dimwishlist:item=1392919471&perks=839105230,3230963543,2387244414,47981717
dimwishlist:item=1392919471&perks=839105230,3230963543,2387244414,3592538738
dimwishlist:item=1392919471&perks=839105230,3230963543,2387244414,699525795
dimwishlist:item=1392919471&perks=839105230,3230963543,1168162263,47981717
dimwishlist:item=1392919471&perks=839105230,3230963543,1168162263,3592538738
dimwishlist:item=1392919471&perks=839105230,3230963543,1168162263,699525795
dimwishlist:item=1392919471&perks=3250034553,3142289711,2450788523,47981717
dimwishlist:item=1392919471&perks=3250034553,3142289711,2450788523,3592538738
dimwishlist:item=1392919471&perks=3250034553,3142289711,2450788523,699525795
dimwishlist:item=1392919471&perks=3250034553,3142289711,1523832109,47981717
dimwishlist:item=1392919471&perks=3250034553,3142289711,1523832109,3592538738
dimwishlist:item=1392919471&perks=3250034553,3142289711,1523832109,699525795
dimwishlist:item=1392919471&perks=3250034553,3142289711,3436462433,47981717
dimwishlist:item=1392919471&perks=3250034553,3142289711,3436462433,3592538738
dimwishlist:item=1392919471&perks=3250034553,3142289711,3436462433,699525795
dimwishlist:item=1392919471&perks=3250034553,3142289711,2387244414,47981717
dimwishlist:item=1392919471&perks=3250034553,3142289711,2387244414,3592538738
dimwishlist:item=1392919471&perks=3250034553,3142289711,2387244414,699525795
dimwishlist:item=1392919471&perks=3250034553,3142289711,1168162263,47981717
dimwishlist:item=1392919471&perks=3250034553,3142289711,1168162263,3592538738
dimwishlist:item=1392919471&perks=3250034553,3142289711,1168162263,699525795
dimwishlist:item=1392919471&perks=3250034553,106909392,2450788523,47981717
dimwishlist:item=1392919471&perks=3250034553,106909392,2450788523,3592538738
dimwishlist:item=1392919471&perks=3250034553,106909392,2450788523,699525795
dimwishlist:item=1392919471&perks=3250034553,106909392,1523832109,47981717
dimwishlist:item=1392919471&perks=3250034553,106909392,1523832109,3592538738
dimwishlist:item=1392919471&perks=3250034553,106909392,1523832109,699525795
dimwishlist:item=1392919471&perks=3250034553,106909392,3436462433,47981717
dimwishlist:item=1392919471&perks=3250034553,106909392,3436462433,3592538738
dimwishlist:item=1392919471&perks=3250034553,106909392,3436462433,699525795
dimwishlist:item=1392919471&perks=3250034553,106909392,2387244414,47981717
dimwishlist:item=1392919471&perks=3250034553,106909392,2387244414,3592538738
dimwishlist:item=1392919471&perks=3250034553,106909392,2387244414,699525795
dimwishlist:item=1392919471&perks=3250034553,106909392,1168162263,47981717
dimwishlist:item=1392919471&perks=3250034553,106909392,1168162263,3592538738
dimwishlist:item=1392919471&perks=3250034553,106909392,1168162263,699525795
dimwishlist:item=1392919471&perks=3250034553,3230963543,2450788523,47981717
dimwishlist:item=1392919471&perks=3250034553,3230963543,2450788523,3592538738
dimwishlist:item=1392919471&perks=3250034553,3230963543,2450788523,699525795
dimwishlist:item=1392919471&perks=3250034553,3230963543,1523832109,47981717
dimwishlist:item=1392919471&perks=3250034553,3230963543,1523832109,3592538738
dimwishlist:item=1392919471&perks=3250034553,3230963543,1523832109,699525795
dimwishlist:item=1392919471&perks=3250034553,3230963543,3436462433,47981717
dimwishlist:item=1392919471&perks=3250034553,3230963543,3436462433,3592538738
dimwishlist:item=1392919471&perks=3250034553,3230963543,3436462433,699525795
dimwishlist:item=1392919471&perks=3250034553,3230963543,2387244414,47981717
dimwishlist:item=1392919471&perks=3250034553,3230963543,2387244414,3592538738
dimwishlist:item=1392919471&perks=3250034553,3230963543,2387244414,699525795
dimwishlist:item=1392919471&perks=3250034553,3230963543,1168162263,47981717
dimwishlist:item=1392919471&perks=3250034553,3230963543,1168162263,3592538738
dimwishlist:item=1392919471&perks=3250034553,3230963543,1168162263,699525795
dimwishlist:item=1392919471&perks=1392496348,3142289711,2450788523,47981717
dimwishlist:item=1392919471&perks=1392496348,3142289711,2450788523,3592538738
dimwishlist:item=1392919471&perks=1392496348,3142289711,2450788523,699525795
dimwishlist:item=1392919471&perks=1392496348,3142289711,1523832109,47981717
dimwishlist:item=1392919471&perks=1392496348,3142289711,1523832109,3592538738
dimwishlist:item=1392919471&perks=1392496348,3142289711,1523832109,699525795
dimwishlist:item=1392919471&perks=1392496348,3142289711,3436462433,47981717
dimwishlist:item=1392919471&perks=1392496348,3142289711,3436462433,3592538738
dimwishlist:item=1392919471&perks=1392496348,3142289711,3436462433,699525795
dimwishlist:item=1392919471&perks=1392496348,3142289711,2387244414,47981717
dimwishlist:item=1392919471&perks=1392496348,3142289711,2387244414,3592538738
dimwishlist:item=1392919471&perks=1392496348,3142289711,2387244414,699525795
dimwishlist:item=1392919471&perks=1392496348,3142289711,1168162263,47981717
dimwishlist:item=1392919471&perks=1392496348,3142289711,1168162263,3592538738
dimwishlist:item=1392919471&perks=1392496348,3142289711,1168162263,699525795
dimwishlist:item=1392919471&perks=1392496348,106909392,2450788523,47981717
dimwishlist:item=1392919471&perks=1392496348,106909392,2450788523,3592538738
dimwishlist:item=1392919471&perks=1392496348,106909392,2450788523,699525795
dimwishlist:item=1392919471&perks=1392496348,106909392,1523832109,47981717
dimwishlist:item=1392919471&perks=1392496348,106909392,1523832109,3592538738
dimwishlist:item=1392919471&perks=1392496348,106909392,1523832109,699525795
dimwishlist:item=1392919471&perks=1392496348,106909392,3436462433,47981717
dimwishlist:item=1392919471&perks=1392496348,106909392,3436462433,3592538738
dimwishlist:item=1392919471&perks=1392496348,106909392,3436462433,699525795
dimwishlist:item=1392919471&perks=1392496348,106909392,2387244414,47981717
dimwishlist:item=1392919471&perks=1392496348,106909392,2387244414,3592538738
dimwishlist:item=1392919471&perks=1392496348,106909392,2387244414,699525795
dimwishlist:item=1392919471&perks=1392496348,106909392,1168162263,47981717
dimwishlist:item=1392919471&perks=1392496348,106909392,1168162263,3592538738
dimwishlist:item=1392919471&perks=1392496348,106909392,1168162263,699525795
dimwishlist:item=1392919471&perks=1392496348,3230963543,2450788523,47981717
dimwishlist:item=1392919471&perks=1392496348,3230963543,2450788523,3592538738
dimwishlist:item=1392919471&perks=1392496348,3230963543,2450788523,699525795
dimwishlist:item=1392919471&perks=1392496348,3230963543,1523832109,47981717
dimwishlist:item=1392919471&perks=1392496348,3230963543,1523832109,3592538738
dimwishlist:item=1392919471&perks=1392496348,3230963543,1523832109,699525795
dimwishlist:item=1392919471&perks=1392496348,3230963543,3436462433,47981717
dimwishlist:item=1392919471&perks=1392496348,3230963543,3436462433,3592538738
dimwishlist:item=1392919471&perks=1392496348,3230963543,3436462433,699525795
dimwishlist:item=1392919471&perks=1392496348,3230963543,2387244414,47981717
dimwishlist:item=1392919471&perks=1392496348,3230963543,2387244414,3592538738
dimwishlist:item=1392919471&perks=1392496348,3230963543,2387244414,699525795
dimwishlist:item=1392919471&perks=1392496348,3230963543,1168162263,47981717
dimwishlist:item=1392919471&perks=1392496348,3230963543,1168162263,3592538738
dimwishlist:item=1392919471&perks=1392496348,3230963543,1168162263,699525795
dimwishlist:item=1392919471&perks=1482024992,3142289711,2450788523,47981717
dimwishlist:item=1392919471&perks=1482024992,3142289711,2450788523,3592538738
dimwishlist:item=1392919471&perks=1482024992,3142289711,2450788523,699525795
dimwishlist:item=1392919471&perks=1482024992,3142289711,1523832109,47981717
dimwishlist:item=1392919471&perks=1482024992,3142289711,1523832109,3592538738
dimwishlist:item=1392919471&perks=1482024992,3142289711,1523832109,699525795
dimwishlist:item=1392919471&perks=1482024992,3142289711,3436462433,47981717
dimwishlist:item=1392919471&perks=1482024992,3142289711,3436462433,3592538738
dimwishlist:item=1392919471&perks=1482024992,3142289711,3436462433,699525795
dimwishlist:item=1392919471&perks=1482024992,3142289711,2387244414,47981717
dimwishlist:item=1392919471&perks=1482024992,3142289711,2387244414,3592538738
dimwishlist:item=1392919471&perks=1482024992,3142289711,2387244414,699525795
dimwishlist:item=1392919471&perks=1482024992,3142289711,1168162263,47981717
dimwishlist:item=1392919471&perks=1482024992,3142289711,1168162263,3592538738
dimwishlist:item=1392919471&perks=1482024992,3142289711,1168162263,699525795
dimwishlist:item=1392919471&perks=1482024992,106909392,2450788523,47981717
dimwishlist:item=1392919471&perks=1482024992,106909392,2450788523,3592538738
dimwishlist:item=1392919471&perks=1482024992,106909392,2450788523,699525795
dimwishlist:item=1392919471&perks=1482024992,106909392,1523832109,47981717
dimwishlist:item=1392919471&perks=1482024992,106909392,1523832109,3592538738
dimwishlist:item=1392919471&perks=1482024992,106909392,1523832109,699525795
dimwishlist:item=1392919471&perks=1482024992,106909392,3436462433,47981717
dimwishlist:item=1392919471&perks=1482024992,106909392,3436462433,3592538738
dimwishlist:item=1392919471&perks=1482024992,106909392,3436462433,699525795
dimwishlist:item=1392919471&perks=1482024992,106909392,2387244414,47981717
dimwishlist:item=1392919471&perks=1482024992,106909392,2387244414,3592538738
dimwishlist:item=1392919471&perks=1482024992,106909392,2387244414,699525795
dimwishlist:item=1392919471&perks=1482024992,106909392,1168162263,47981717
dimwishlist:item=1392919471&perks=1482024992,106909392,1168162263,3592538738
dimwishlist:item=1392919471&perks=1482024992,106909392,1168162263,699525795
dimwishlist:item=1392919471&perks=1482024992,3230963543,2450788523,47981717
dimwishlist:item=1392919471&perks=1482024992,3230963543,2450788523,3592538738
dimwishlist:item=1392919471&perks=1482024992,3230963543,2450788523,699525795
dimwishlist:item=1392919471&perks=1482024992,3230963543,1523832109,47981717
dimwishlist:item=1392919471&perks=1482024992,3230963543,1523832109,3592538738
dimwishlist:item=1392919471&perks=1482024992,3230963543,1523832109,699525795
dimwishlist:item=1392919471&perks=1482024992,3230963543,3436462433,47981717
dimwishlist:item=1392919471&perks=1482024992,3230963543,3436462433,3592538738
dimwishlist:item=1392919471&perks=1482024992,3230963543,3436462433,699525795
dimwishlist:item=1392919471&perks=1482024992,3230963543,2387244414,47981717
dimwishlist:item=1392919471&perks=1482024992,3230963543,2387244414,3592538738
dimwishlist:item=1392919471&perks=1482024992,3230963543,2387244414,699525795
dimwishlist:item=1392919471&perks=1482024992,3230963543,1168162263,47981717
dimwishlist:item=1392919471&perks=1482024992,3230963543,1168162263,3592538738
dimwishlist:item=1392919471&perks=1482024992,3230963543,1168162263,699525795
dimwishlist:item=1392919471&perks=1840239774,3142289711,2450788523,47981717
dimwishlist:item=1392919471&perks=1840239774,3142289711,2450788523,3592538738
dimwishlist:item=1392919471&perks=1840239774,3142289711,2450788523,699525795
dimwishlist:item=1392919471&perks=1840239774,3142289711,1523832109,47981717
dimwishlist:item=1392919471&perks=1840239774,3142289711,1523832109,3592538738
dimwishlist:item=1392919471&perks=1840239774,3142289711,1523832109,699525795
dimwishlist:item=1392919471&perks=1840239774,3142289711,3436462433,47981717
dimwishlist:item=1392919471&perks=1840239774,3142289711,3436462433,3592538738
dimwishlist:item=1392919471&perks=1840239774,3142289711,3436462433,699525795
dimwishlist:item=1392919471&perks=1840239774,3142289711,2387244414,47981717
dimwishlist:item=1392919471&perks=1840239774,3142289711,2387244414,3592538738
dimwishlist:item=1392919471&perks=1840239774,3142289711,2387244414,699525795
dimwishlist:item=1392919471&perks=1840239774,3142289711,1168162263,47981717
dimwishlist:item=1392919471&perks=1840239774,3142289711,1168162263,3592538738
dimwishlist:item=1392919471&perks=1840239774,3142289711,1168162263,699525795
dimwishlist:item=1392919471&perks=1840239774,106909392,2450788523,47981717
dimwishlist:item=1392919471&perks=1840239774,106909392,2450788523,3592538738
dimwishlist:item=1392919471&perks=1840239774,106909392,2450788523,699525795
dimwishlist:item=1392919471&perks=1840239774,106909392,1523832109,47981717
dimwishlist:item=1392919471&perks=1840239774,106909392,1523832109,3592538738
dimwishlist:item=1392919471&perks=1840239774,106909392,1523832109,699525795
dimwishlist:item=1392919471&perks=1840239774,106909392,3436462433,47981717
dimwishlist:item=1392919471&perks=1840239774,106909392,3436462433,3592538738
dimwishlist:item=1392919471&perks=1840239774,106909392,3436462433,699525795
dimwishlist:item=1392919471&perks=1840239774,106909392,2387244414,47981717
dimwishlist:item=1392919471&perks=1840239774,106909392,2387244414,3592538738
dimwishlist:item=1392919471&perks=1840239774,106909392,2387244414,699525795
dimwishlist:item=1392919471&perks=1840239774,106909392,1168162263,47981717
dimwishlist:item=1392919471&perks=1840239774,106909392,1168162263,3592538738
dimwishlist:item=1392919471&perks=1840239774,106909392,1168162263,699525795
dimwishlist:item=1392919471&perks=1840239774,3230963543,2450788523,47981717
dimwishlist:item=1392919471&perks=1840239774,3230963543,2450788523,3592538738
dimwishlist:item=1392919471&perks=1840239774,3230963543,2450788523,699525795
dimwishlist:item=1392919471&perks=1840239774,3230963543,1523832109,47981717
dimwishlist:item=1392919471&perks=1840239774,3230963543,1523832109,3592538738
dimwishlist:item=1392919471&perks=1840239774,3230963543,1523832109,699525795
dimwishlist:item=1392919471&perks=1840239774,3230963543,3436462433,47981717
dimwishlist:item=1392919471&perks=1840239774,3230963543,3436462433,3592538738
dimwishlist:item=1392919471&perks=1840239774,3230963543,3436462433,699525795
dimwishlist:item=1392919471&perks=1840239774,3230963543,2387244414,47981717
dimwishlist:item=1392919471&perks=1840239774,3230963543,2387244414,3592538738
dimwishlist:item=1392919471&perks=1840239774,3230963543,2387244414,699525795
dimwishlist:item=1392919471&perks=1840239774,3230963543,1168162263,47981717
dimwishlist:item=1392919471&perks=1840239774,3230963543,1168162263,3592538738
dimwishlist:item=1392919471&perks=1840239774,3230963543,1168162263,699525795
dimwishlist:item=1392919471&perks=4090651448,3142289711,2450788523,47981717
dimwishlist:item=1392919471&perks=4090651448,3142289711,2450788523,3592538738
dimwishlist:item=1392919471&perks=4090651448,3142289711,2450788523,699525795
dimwishlist:item=1392919471&perks=4090651448,3142289711,1523832109,47981717
dimwishlist:item=1392919471&perks=4090651448,3142289711,1523832109,3592538738
dimwishlist:item=1392919471&perks=4090651448,3142289711,1523832109,699525795
dimwishlist:item=1392919471&perks=4090651448,3142289711,3436462433,47981717
dimwishlist:item=1392919471&perks=4090651448,3142289711,3436462433,3592538738
dimwishlist:item=1392919471&perks=4090651448,3142289711,3436462433,699525795
dimwishlist:item=1392919471&perks=4090651448,3142289711,2387244414,47981717
dimwishlist:item=1392919471&perks=4090651448,3142289711,2387244414,3592538738
dimwishlist:item=1392919471&perks=4090651448,3142289711,2387244414,699525795
dimwishlist:item=1392919471&perks=4090651448,3142289711,1168162263,47981717
dimwishlist:item=1392919471&perks=4090651448,3142289711,1168162263,3592538738
dimwishlist:item=1392919471&perks=4090651448,3142289711,1168162263,699525795
dimwishlist:item=1392919471&perks=4090651448,106909392,2450788523,47981717
dimwishlist:item=1392919471&perks=4090651448,106909392,2450788523,3592538738
dimwishlist:item=1392919471&perks=4090651448,106909392,2450788523,699525795
dimwishlist:item=1392919471&perks=4090651448,106909392,1523832109,47981717
dimwishlist:item=1392919471&perks=4090651448,106909392,1523832109,3592538738
dimwishlist:item=1392919471&perks=4090651448,106909392,1523832109,699525795
dimwishlist:item=1392919471&perks=4090651448,106909392,3436462433,47981717
dimwishlist:item=1392919471&perks=4090651448,106909392,3436462433,3592538738
dimwishlist:item=1392919471&perks=4090651448,106909392,3436462433,699525795
dimwishlist:item=1392919471&perks=4090651448,106909392,2387244414,47981717
dimwishlist:item=1392919471&perks=4090651448,106909392,2387244414,3592538738
dimwishlist:item=1392919471&perks=4090651448,106909392,2387244414,699525795
dimwishlist:item=1392919471&perks=4090651448,106909392,1168162263,47981717
dimwishlist:item=1392919471&perks=4090651448,106909392,1168162263,3592538738
dimwishlist:item=1392919471&perks=4090651448,106909392,1168162263,699525795
dimwishlist:item=1392919471&perks=4090651448,3230963543,2450788523,47981717
dimwishlist:item=1392919471&perks=4090651448,3230963543,2450788523,3592538738
dimwishlist:item=1392919471&perks=4090651448,3230963543,2450788523,699525795
dimwishlist:item=1392919471&perks=4090651448,3230963543,1523832109,47981717
dimwishlist:item=1392919471&perks=4090651448,3230963543,1523832109,3592538738
dimwishlist:item=1392919471&perks=4090651448,3230963543,1523832109,699525795
dimwishlist:item=1392919471&perks=4090651448,3230963543,3436462433,47981717
dimwishlist:item=1392919471&perks=4090651448,3230963543,3436462433,3592538738
dimwishlist:item=1392919471&perks=4090651448,3230963543,3436462433,699525795
dimwishlist:item=1392919471&perks=4090651448,3230963543,2387244414,47981717
dimwishlist:item=1392919471&perks=4090651448,3230963543,2387244414,3592538738
dimwishlist:item=1392919471&perks=4090651448,3230963543,2387244414,699525795
dimwishlist:item=1392919471&perks=4090651448,3230963543,1168162263,47981717
dimwishlist:item=1392919471&perks=4090651448,3230963543,1168162263,3592538738
dimwishlist:item=1392919471&perks=4090651448,3230963543,1168162263,699525795
//Junk Rolls ------------------------------------------------------------------
dimwishlist:item=-1392919471&perks=1467527085,3177308360,1645158859,3350417888
dimwishlist:item=-1392919471&perks=1467527085,3177308360,1645158859,3201496230
dimwishlist:item=-1392919471&perks=1467527085,2420895100,1645158859,3350417888
dimwishlist:item=-1392919471&perks=1467527085,2420895100,1645158859,3201496230
dimwishlist:item=-1392919471&perks=202670084,3177308360,1645158859,3350417888
dimwishlist:item=-1392919471&perks=202670084,3177308360,1645158859,3201496230
dimwishlist:item=-1392919471&perks=202670084,2420895100,1645158859,3350417888
dimwishlist:item=-1392919471&perks=202670084,2420895100,1645158859,3201496230

// Bottom Dollar
dimwishlist:item=1046651176&perks=3250034553,1431678320,247725512,47981717
dimwishlist:item=1046651176&perks=3250034553,1431678320,247725512,3425386926
dimwishlist:item=1046651176&perks=3250034553,1431678320,247725512,3592538738
dimwishlist:item=1046651176&perks=3250034553,1431678320,247725512,2726471870
dimwishlist:item=1046651176&perks=3250034553,1431678320,2846385770,2726471870
dimwishlist:item=1046651176&perks=3250034553,1431678320,2846385770,3592538738
dimwishlist:item=1046651176&perks=3250034553,1431678320,2846385770,47981717
dimwishlist:item=1046651176&perks=3250034553,1431678320,2846385770,3523296417
dimwishlist:item=1046651176&perks=3250034553,1431678320,2846385770,3425386926
dimwishlist:item=1046651176&perks=3250034553,1431678320,247725512,3523296417
dimwishlist:item=1046651176&perks=3250034553,1431678320,2450788523,3523296417

//The Messenger
dimwishlist:item=3658188704&perks=839105230,1561002382,247725512,3047969693
dimwishlist:item=3658188704&perks=4090651448,1561002382,247725512,3047969693
dimwishlist:item=3658188704&perks=1840239774,1561002382,247725512,3047969693
dimwishlist:item=3658188704&perks=3250034553,1561002382,247725512,3047969693
dimwishlist:item=3658188704&perks=1392496348,1561002382,247725512,3047969693
dimwishlist:item=3658188704&perks=1482024992,1561002382,247725512,3047969693
dimwishlist:item=3658188704&perks=1482024992,1561002382,247725512,460017080
dimwishlist:item=3658188704&perks=1392496348,1561002382,247725512,460017080
dimwishlist:item=3658188704&perks=3250034553,1561002382,247725512,460017080
dimwishlist:item=3658188704&perks=1840239774,1561002382,247725512,460017080
dimwishlist:item=3658188704&perks=4090651448,1561002382,247725512,460017080
dimwishlist:item=3658188704&perks=839105230,1561002382,247725512,460017080
dimwishlist:item=3658188704&perks=839105230,1561002382,247725512,1015611457
dimwishlist:item=3658188704&perks=4090651448,1561002382,247725512,1015611457
dimwishlist:item=3658188704&perks=1840239774,1561002382,247725512,1015611457
dimwishlist:item=3658188704&perks=3250034553,1561002382,247725512,1015611457
dimwishlist:item=3658188704&perks=1392496348,1561002382,247725512,1015611457
dimwishlist:item=3658188704&perks=1482024992,1561002382,247725512,1015611457
dimwishlist:item=3658188704&perks=1482024992,1885400500,247725512,1015611457
dimwishlist:item=3658188704&perks=1392496348,1885400500,247725512,1015611457
dimwishlist:item=3658188704&perks=3250034553,1885400500,247725512,1015611457
dimwishlist:item=3658188704&perks=1840239774,1885400500,247725512,1015611457
dimwishlist:item=3658188704&perks=4090651448,1885400500,247725512,1015611457
dimwishlist:item=3658188704&perks=839105230,1885400500,247725512,1015611457
dimwishlist:item=3658188704&perks=839105230,1885400500,247725512,460017080
dimwishlist:item=3658188704&perks=4090651448,1885400500,247725512,460017080
dimwishlist:item=3658188704&perks=1840239774,1885400500,247725512,460017080
dimwishlist:item=3658188704&perks=3250034553,1885400500,247725512,460017080
dimwishlist:item=3658188704&perks=1392496348,1885400500,247725512,460017080
dimwishlist:item=3658188704&perks=1482024992,1885400500,247725512,460017080
dimwishlist:item=3658188704&perks=1482024992,1885400500,247725512,3047969693
dimwishlist:item=3658188704&perks=1392496348,1885400500,247725512,3047969693
dimwishlist:item=3658188704&perks=3250034553,1885400500,247725512,3047969693
dimwishlist:item=3658188704&perks=1840239774,1885400500,247725512,3047969693
dimwishlist:item=3658188704&perks=4090651448,1885400500,247725512,3047969693
dimwishlist:item=3658188704&perks=839105230,1885400500,247725512,3047969693
dimwishlist:item=-3658188704&perks=3661387068,2420895100,4049631843
dimwishlist:item=-3658188704&perks=3661387068,1431678320,4049631843
dimwishlist:item=-3658188704&perks=3661387068,1087426260,4049631843
dimwishlist:item=-3658188704&perks=1467527085,2420895100,4049631843
dimwishlist:item=-3658188704&perks=1467527085,1431678320,4049631843
dimwishlist:item=-3658188704&perks=1467527085,1087426260,4049631843
dimwishlist:item=-3658188704&perks=202670084,2420895100,4049631843
dimwishlist:item=-3658188704&perks=202670084,1431678320,4049631843
dimwishlist:item=-3658188704&perks=202670084,1087426260,4049631843


//Brass Attacks ---------------------------------------------------------------
dimwishlist:item=2121785039&perks=1561002382,247725512,3425386926
dimwishlist:item=2121785039&perks=1561002382,247725512,3592538738
dimwishlist:item=2121785039&perks=1885400500,247725512,3592538738
dimwishlist:item=2121785039&perks=1885400500,247725512,3425386926
dimwishlist:item=2121785039&perks=1885400500,2779035018,3425386926
dimwishlist:item=2121785039&perks=1885400500,2779035018,3592538738
dimwishlist:item=2121785039&perks=1561002382,2779035018,3592538738
dimwishlist:item=2121785039&perks=1561002382,2779035018,3425386926
dimwishlist:item=2121785039&perks=1561002382,2450788523,3425386926
dimwishlist:item=2121785039&perks=1561002382,2450788523,3592538738
dimwishlist:item=2121785039&perks=1885400500,2450788523,3592538738
dimwishlist:item=2121785039&perks=1885400500,2450788523,3425386926
dimwishlist:item=2121785039&perks=1840239774,247725512,3592538738
dimwishlist:item=2121785039&perks=1840239774,247725512,3425386926
dimwishlist:item=2121785039&perks=1840239774,2450788523,3425386926
dimwishlist:item=2121785039&perks=1840239774,2450788523,3592538738
dimwishlist:item=2121785039&perks=1840239774,2779035018,3592538738
dimwishlist:item=2121785039&perks=1840239774,2779035018,3425386926
dimwishlist:item=2121785039&perks=3250034553,2779035018,3425386926
dimwishlist:item=2121785039&perks=3250034553,2779035018,3592538738
dimwishlist:item=2121785039&perks=3250034553,2450788523,3592538738
dimwishlist:item=2121785039&perks=3250034553,2450788523,3425386926
dimwishlist:item=2121785039&perks=3250034553,247725512,3425386926
dimwishlist:item=2121785039&perks=3250034553,247725512,3592538738
dimwishlist:item=2121785039&perks=1392496348,247725512,3592538738
dimwishlist:item=2121785039&perks=1392496348,247725512,3425386926
dimwishlist:item=2121785039&perks=1392496348,2450788523,3425386926
dimwishlist:item=2121785039&perks=1392496348,2450788523,3592538738
dimwishlist:item=2121785039&perks=1392496348,2779035018,3592538738
dimwishlist:item=2121785039&perks=1392496348,2779035018,3425386926
dimwishlist:item=2121785039&perks=1482024992,2779035018,3425386926
dimwishlist:item=2121785039&perks=1482024992,2779035018,3592538738
dimwishlist:item=2121785039&perks=1482024992,2450788523,3592538738
dimwishlist:item=2121785039&perks=1482024992,2450788523,3425386926
dimwishlist:item=2121785039&perks=1482024992,247725512,3425386926
dimwishlist:item=2121785039&perks=1482024992,247725512,3592538738
// Columns 1, 2 & 4 -------------------------------------------------
dimwishlist:item=2121785039&perks=1840239774,1561002382,3592538738
dimwishlist:item=2121785039&perks=1840239774,1561002382,3425386926
dimwishlist:item=2121785039&perks=3250034553,1561002382,3425386926
dimwishlist:item=2121785039&perks=3250034553,1561002382,3592538738
dimwishlist:item=2121785039&perks=1392496348,1561002382,3592538738
dimwishlist:item=2121785039&perks=1392496348,1561002382,3425386926
dimwishlist:item=2121785039&perks=1482024992,1561002382,3425386926
dimwishlist:item=2121785039&perks=1482024992,1561002382,3592538738
dimwishlist:item=2121785039&perks=1840239774,1885400500,3592538738
dimwishlist:item=2121785039&perks=1840239774,1885400500,3425386926
dimwishlist:item=2121785039&perks=3250034553,1885400500,3425386926
dimwishlist:item=2121785039&perks=3250034553,1885400500,3592538738
dimwishlist:item=2121785039&perks=1392496348,1885400500,3592538738
dimwishlist:item=2121785039&perks=1392496348,1885400500,3425386926
dimwishlist:item=2121785039&perks=1482024992,1885400500,3425386926
dimwishlist:item=2121785039&perks=1482024992,1885400500,3592538738
// Columns 1, 2 & 3 -------------------------------------------------
dimwishlist:item=2121785039&perks=1840239774,1561002382,2779035018
dimwishlist:item=2121785039&perks=1840239774,1561002382,2450788523
dimwishlist:item=2121785039&perks=1840239774,1561002382,247725512
dimwishlist:item=2121785039&perks=3250034553,1561002382,247725512
dimwishlist:item=2121785039&perks=3250034553,1561002382,2450788523
dimwishlist:item=2121785039&perks=3250034553,1561002382,2779035018
dimwishlist:item=2121785039&perks=1392496348,1561002382,2779035018
dimwishlist:item=2121785039&perks=1392496348,1561002382,2450788523
dimwishlist:item=2121785039&perks=1392496348,1561002382,247725512
dimwishlist:item=2121785039&perks=1482024992,1561002382,247725512
dimwishlist:item=2121785039&perks=1482024992,1561002382,2450788523
dimwishlist:item=2121785039&perks=1482024992,1561002382,2779035018
dimwishlist:item=2121785039&perks=1840239774,1885400500,2779035018
dimwishlist:item=2121785039&perks=1840239774,1885400500,2450788523
dimwishlist:item=2121785039&perks=1840239774,1885400500,247725512
dimwishlist:item=2121785039&perks=3250034553,1885400500,247725512
dimwishlist:item=2121785039&perks=3250034553,1885400500,2450788523
dimwishlist:item=2121785039&perks=3250034553,1885400500,2779035018
dimwishlist:item=2121785039&perks=1392496348,1885400500,2779035018
dimwishlist:item=2121785039&perks=1392496348,1885400500,2450788523
dimwishlist:item=2121785039&perks=1392496348,1885400500,247725512
dimwishlist:item=2121785039&perks=1482024992,1885400500,247725512
dimwishlist:item=2121785039&perks=1482024992,1885400500,2450788523
dimwishlist:item=2121785039&perks=1482024992,1885400500,2779035018
//Junk Rolls --------------------------------------------------------
dimwishlist:item=-2121785039&perks=2039302152,3350417888
dimwishlist:item=-2121785039&perks=3350417888
dimwishlist:item=-2121785039&perks=2039302152

//Arctic Haze
//Good Rolls -----------------------------------------------------------------
dimwishlist:item=20935540&perks=839105230,3142289711,1168162263,699525795
dimwishlist:item=20935540&perks=839105230,3142289711,1168162263,2726471870
dimwishlist:item=20935540&perks=839105230,3142289711,2450788523,699525795
dimwishlist:item=20935540&perks=839105230,3142289711,2450788523,2726471870
dimwishlist:item=20935540&perks=839105230,3230963543,1168162263,699525795
dimwishlist:item=20935540&perks=839105230,3230963543,1168162263,2726471870
dimwishlist:item=20935540&perks=839105230,3230963543,2450788523,699525795
dimwishlist:item=20935540&perks=839105230,3230963543,2450788523,2726471870
dimwishlist:item=20935540&perks=839105230,106909392,1168162263,699525795
dimwishlist:item=20935540&perks=839105230,106909392,1168162263,2726471870
dimwishlist:item=20935540&perks=839105230,106909392,2450788523,699525795
dimwishlist:item=20935540&perks=839105230,106909392,2450788523,2726471870
dimwishlist:item=20935540&perks=3250034553,3142289711,1168162263,699525795
dimwishlist:item=20935540&perks=3250034553,3142289711,1168162263,2726471870
dimwishlist:item=20935540&perks=3250034553,3142289711,2450788523,699525795
dimwishlist:item=20935540&perks=3250034553,3142289711,2450788523,2726471870
dimwishlist:item=20935540&perks=3250034553,3230963543,1168162263,699525795
dimwishlist:item=20935540&perks=3250034553,3230963543,1168162263,2726471870
dimwishlist:item=20935540&perks=3250034553,3230963543,2450788523,699525795
dimwishlist:item=20935540&perks=3250034553,3230963543,2450788523,2726471870
dimwishlist:item=20935540&perks=3250034553,106909392,1168162263,699525795
dimwishlist:item=20935540&perks=3250034553,106909392,1168162263,2726471870
dimwishlist:item=20935540&perks=3250034553,106909392,2450788523,699525795
dimwishlist:item=20935540&perks=3250034553,106909392,2450788523,2726471870
dimwishlist:item=20935540&perks=1482024992,3142289711,1168162263,699525795
dimwishlist:item=20935540&perks=1482024992,3142289711,1168162263,2726471870
dimwishlist:item=20935540&perks=1482024992,3142289711,2450788523,699525795
dimwishlist:item=20935540&perks=1482024992,3142289711,2450788523,2726471870
dimwishlist:item=20935540&perks=1482024992,3230963543,1168162263,699525795
dimwishlist:item=20935540&perks=1482024992,3230963543,1168162263,2726471870
dimwishlist:item=20935540&perks=1482024992,3230963543,2450788523,699525795
dimwishlist:item=20935540&perks=1482024992,3230963543,2450788523,2726471870
dimwishlist:item=20935540&perks=1482024992,106909392,1168162263,699525795
dimwishlist:item=20935540&perks=1482024992,106909392,1168162263,2726471870
dimwishlist:item=20935540&perks=1482024992,106909392,2450788523,699525795
dimwishlist:item=20935540&perks=1482024992,106909392,2450788523,2726471870
dimwishlist:item=20935540&perks=1840239774,3142289711,1168162263,699525795
dimwishlist:item=20935540&perks=1840239774,3142289711,1168162263,2726471870
dimwishlist:item=20935540&perks=1840239774,3142289711,2450788523,699525795
dimwishlist:item=20935540&perks=1840239774,3142289711,2450788523,2726471870
dimwishlist:item=20935540&perks=1840239774,3230963543,1168162263,699525795
dimwishlist:item=20935540&perks=1840239774,3230963543,1168162263,2726471870
dimwishlist:item=20935540&perks=1840239774,3230963543,2450788523,699525795
dimwishlist:item=20935540&perks=1840239774,3230963543,2450788523,2726471870
dimwishlist:item=20935540&perks=1840239774,106909392,1168162263,699525795
dimwishlist:item=20935540&perks=1840239774,106909392,1168162263,2726471870
dimwishlist:item=20935540&perks=1840239774,106909392,2450788523,699525795
dimwishlist:item=20935540&perks=1840239774,106909392,2450788523,2726471870
//Junk Rolls -----------------------------------------------------------------
dimwishlist:item=-20935540&perks=1467527085,2420895100,3096702027,3108830275
dimwishlist:item=-20935540&perks=1467527085,2420895100,3096702027,3511092054
dimwishlist:item=-20935540&perks=1467527085,2420895100,3513791699,3108830275
dimwishlist:item=-20935540&perks=1467527085,2420895100,3513791699,3511092054
dimwishlist:item=-20935540&perks=1467527085,2420895100,1820235745,3108830275
dimwishlist:item=-20935540&perks=1467527085,2420895100,1820235745,3511092054
dimwishlist:item=-20935540&perks=1467527085,2420895100,3400784728,3108830275
dimwishlist:item=-20935540&perks=1467527085,2420895100,3400784728,3511092054
dimwishlist:item=-20935540&perks=1467527085,3177308360,3096702027,3108830275
dimwishlist:item=-20935540&perks=1467527085,3177308360,3096702027,3511092054
dimwishlist:item=-20935540&perks=1467527085,3177308360,3513791699,3108830275
dimwishlist:item=-20935540&perks=1467527085,3177308360,3513791699,3511092054
dimwishlist:item=-20935540&perks=1467527085,3177308360,1820235745,3108830275
dimwishlist:item=-20935540&perks=1467527085,3177308360,1820235745,3511092054
dimwishlist:item=-20935540&perks=1467527085,3177308360,3400784728,3108830275
dimwishlist:item=-20935540&perks=1467527085,3177308360,3400784728,3511092054
dimwishlist:item=-20935540&perks=1467527085,1087426260,3096702027,3108830275
dimwishlist:item=-20935540&perks=1467527085,1087426260,3096702027,3511092054
dimwishlist:item=-20935540&perks=1467527085,1087426260,3513791699,3108830275
dimwishlist:item=-20935540&perks=1467527085,1087426260,3513791699,3511092054
dimwishlist:item=-20935540&perks=1467527085,1087426260,1820235745,3108830275
dimwishlist:item=-20935540&perks=1467527085,1087426260,1820235745,3511092054
dimwishlist:item=-20935540&perks=1467527085,1087426260,3400784728,3108830275
dimwishlist:item=-20935540&perks=1467527085,1087426260,3400784728,3511092054
dimwishlist:item=-20935540&perks=1467527085,1431678320,3096702027,3108830275
dimwishlist:item=-20935540&perks=1467527085,1431678320,3096702027,3511092054
dimwishlist:item=-20935540&perks=1467527085,1431678320,3513791699,3108830275
dimwishlist:item=-20935540&perks=1467527085,1431678320,3513791699,3511092054
dimwishlist:item=-20935540&perks=1467527085,1431678320,1820235745,3108830275
dimwishlist:item=-20935540&perks=1467527085,1431678320,1820235745,3511092054
dimwishlist:item=-20935540&perks=1467527085,1431678320,3400784728,3108830275
dimwishlist:item=-20935540&perks=1467527085,1431678320,3400784728,3511092054
dimwishlist:item=-20935540&perks=202670084,2420895100,3096702027,3108830275
dimwishlist:item=-20935540&perks=202670084,2420895100,3096702027,3511092054
dimwishlist:item=-20935540&perks=202670084,2420895100,3513791699,3108830275
dimwishlist:item=-20935540&perks=202670084,2420895100,3513791699,3511092054
dimwishlist:item=-20935540&perks=202670084,2420895100,1820235745,3108830275
dimwishlist:item=-20935540&perks=202670084,2420895100,1820235745,3511092054
dimwishlist:item=-20935540&perks=202670084,2420895100,3400784728,3108830275
dimwishlist:item=-20935540&perks=202670084,2420895100,3400784728,3511092054
dimwishlist:item=-20935540&perks=202670084,3177308360,3096702027,3108830275
dimwishlist:item=-20935540&perks=202670084,3177308360,3096702027,3511092054
dimwishlist:item=-20935540&perks=202670084,3177308360,3513791699,3108830275
dimwishlist:item=-20935540&perks=202670084,3177308360,3513791699,3511092054
dimwishlist:item=-20935540&perks=202670084,3177308360,1820235745,3108830275
dimwishlist:item=-20935540&perks=202670084,3177308360,1820235745,3511092054
dimwishlist:item=-20935540&perks=202670084,3177308360,3400784728,3108830275
dimwishlist:item=-20935540&perks=202670084,3177308360,3400784728,3511092054
dimwishlist:item=-20935540&perks=202670084,1087426260,3096702027,3108830275
dimwishlist:item=-20935540&perks=202670084,1087426260,3096702027,3511092054
dimwishlist:item=-20935540&perks=202670084,1087426260,3513791699,3108830275
dimwishlist:item=-20935540&perks=202670084,1087426260,3513791699,3511092054
dimwishlist:item=-20935540&perks=202670084,1087426260,1820235745,3108830275
dimwishlist:item=-20935540&perks=202670084,1087426260,1820235745,3511092054
dimwishlist:item=-20935540&perks=202670084,1087426260,3400784728,3108830275
dimwishlist:item=-20935540&perks=202670084,1087426260,3400784728,3511092054
dimwishlist:item=-20935540&perks=202670084,1431678320,3096702027,3108830275
dimwishlist:item=-20935540&perks=202670084,1431678320,3096702027,3511092054
dimwishlist:item=-20935540&perks=202670084,1431678320,3513791699,3108830275
dimwishlist:item=-20935540&perks=202670084,1431678320,3513791699,3511092054
dimwishlist:item=-20935540&perks=202670084,1431678320,1820235745,3108830275
dimwishlist:item=-20935540&perks=202670084,1431678320,1820235745,3511092054
dimwishlist:item=-20935540&perks=202670084,1431678320,3400784728,3108830275
dimwishlist:item=-20935540&perks=202670084,1431678320,3400784728,3511092054
